1.709445396665330819e-04
2.710114664745782954e-04
3.920039352778633833e-04
5.287901004610096392e-04
6.788113450868762597e-04
8.429975872019915186e-04
1.024229885877710579e-03
1.224615079630618150e-03
1.443195287245380024e-03
1.675404623259489287e-03
1.914561540995096331e-03
2.154337549165800166e-03
2.390708285550916749e-03
2.622806187540106370e-03
2.852930382329049979e-03
3.085558812913705498e-03
3.324987603957909894e-03
3.572721803029447682e-03
3.826916447748086522e-03
4.084395645644231868e-03
4.343012797509821464e-03
4.602117245285416297e-03
4.861257079304348583e-03
5.118633337777019066e-03
5.370199660116064221e-03
5.609410595247526186e-03
5.827723538172776239e-03
6.016554009007988278e-03
6.171194240945839307e-03
6.295436606820437389e-03
6.403289515588148940e-03
6.514563665433219068e-03
6.645999989142162799e-03
6.804405327192502607e-03
6.986680062759863599e-03
7.185298662174993342e-03
7.394297191935777364e-03
7.612566161120961489e-03
7.843882213377364326e-03
8.093794418677920099e-03
8.364150295445812663e-03
8.648294098852826045e-03
8.931179240621199208e-03
9.195511073775464866e-03
9.429554878401500556e-03
9.630530092380330809e-03
9.801897445815622653e-03
9.948422211271006066e-03
1.007371271043868387e-02
1.018107682542603899e-02
1.027491464832659858e-02
1.035993932159328529e-02
1.043848017661739257e-02
1.050865613252900850e-02
1.056558338000366734e-02
1.060465205879059306e-02
1.062399263112800279e-02
1.062462259903051293e-02
1.060917763988808958e-02
1.058074457182892926e-02
1.054231918195671497e-02
1.049655475198113877e-02
1.044539592234760596e-02
1.038949267882053988e-02
1.032755804874523411e-02
1.025595755301156840e-02
1.016883291158811320e-02
1.005910183191316594e-02
9.920634911934324285e-03
9.751317623760238570e-03
9.555515956506509950e-03
9.343836287853162642e-03
9.129449816118300962e-03
8.923066259884950696e-03
8.730011538586142025e-03
8.550960338447590944e-03
8.384641796549198098e-03
8.229755555381454424e-03
8.085108303178052680e-03
7.949069879572353767e-03
7.819621189638983894e-03
7.695034626430917457e-03
7.574423096467340459e-03
7.457652048394766871e-03
7.344704252064213762e-03
7.234916591520889652e-03
7.126543789350305545e-03
7.016868995566823315e-03
6.902718283520518222e-03
6.781184024463856284e-03
6.650604784776526814e-03
6.511715951064978893e-03
6.368260819669153451e-03
6.226218130648627710e-03
6.091788913084382300e-03
5.969380504419349864e-03
5.860595147332748993e-03
5.764035837705726653e-03
5.675348958817462257e-03
5.587797704059150640e-03
5.494205094275094944e-03
5.390082707682269589e-03
5.276130272826733830e-03
5.157986960954943044e-03
5.042889308419903384e-03
4.935451063066869856e-03
4.835629801151932264e-03
4.739960290197506310e-03
4.644408616914622728e-03
4.546598504031816937e-03
4.446551744031021665e-03
4.346230665288757650e-03
4.248283622940112955e-03
4.154388157881925593e-03
4.063827578374394275e-03
3.972914537697261848e-03
3.875516059525829001e-03
3.764707847840641827e-03
3.635477920622067535e-03
3.487828781325197792e-03
3.328604378111212677e-03
3.170113957279506976e-03
3.025320915047668893e-03
2.902133888309733813e-03
2.800434665336800494e-03
2.713462988041808344e-03
2.632049927201426769e-03
2.548955301981579817e-03
2.461528268554112261e-03
2.372145853511490200e-03
2.286513723943702295e-03
2.210647616694212669e-03
2.148169940951863421e-03
2.099319636901604471e-03
2.061719190848380553e-03
2.031900572072182706e-03
2.006655873694673884e-03
1.983795684027687359e-03
1.962226152430291987e-03
1.941506262913836713e-03
1.921313057443113648e-03
1.901235966511017738e-03
1.880940552305089900e-03
1.860378845376967636e-03
1.839769580677997219e-03
1.819390466461503911e-03
1.799376753097158737e-03
1.779594099491904526e-03
1.759547571508688658e-03
1.738380126695921856e-03
1.715105505424877703e-03
1.689091693777572270e-03
1.660551938592249623e-03
1.630680107078575410e-03
1.601236979738307432e-03
1.573771929095129458e-03
1.548970385848674617e-03
1.526550084585798434e-03
1.505700309356054886e-03
1.485666727998326839e-03
1.466084422719185704e-03
1.446970144768791686e-03
1.428538628449024838e-03
1.411004450929759452e-03
1.394404124366469726e-03
1.378453922458932777e-03
1.362548106216599636e-03
1.345992280115166371e-03
1.328366008360569494e-03
1.309716393688410262e-03
1.290383550489237075e-03
1.270628340693406855e-03
1.250459810332764854e-03
1.229830822779633386e-03
1.208946900829299198e-03
1.188335216287078524e-03
1.168622429722914174e-03
1.150258181567069462e-03
1.133399861704274120e-03
1.117972328329277674e-03
1.103791192513942088e-03
1.090655418542557653e-03
1.078383466242681214e-03
1.066811136358537066e-03
1.055778174008029612e-03
1.045124680519202110e-03
1.034708580198121170e-03
1.024438547095069679e-03
1.014301507141096917e-03
1.004362829789105446e-03
9.947196138716776943e-04
9.853980318362107107e-04
9.762414659689655407e-04
9.669035507346885076e-04
9.570160392981049043e-04
9.464315254728495512e-04
9.353377845304108569e-04
9.241535254852480206e-04
9.133176541090592048e-04
9.031430296798992948e-04
8.937968278858491548e-04
8.853587917688802121e-04
8.778897420664249877e-04
8.714593957139095490e-04
8.660955651029779694e-04
8.616752958987493024e-04
8.578655419219741738e-04
8.542094455095475269e-04
8.503196678174188656e-04
8.460395974080523167e-04
8.414716576253671336e-04
8.368735821438729513e-04
8.324913585675947601e-04
8.284197354414032499e-04
8.245582778470936149e-04
8.206642585535574991e-04
8.164482035263073527e-04
8.116610595382122307e-04
8.061528148996568435e-04
7.998981845188452488e-04
7.929890175403652309e-04
7.856000377910720431e-04
7.779309506064102393e-04
7.701346366278219750e-04
7.622850506561737243e-04
7.544602167289287320e-04
7.469085107755570616e-04
7.401018549406112061e-04
7.345252196389837366e-04
7.303486038332901399e-04
7.272952491333488064e-04
7.248131046816841524e-04
7.223643548613469835e-04
7.196128058564572015e-04
7.164457492140473716e-04
7.128909798298821475e-04
7.090172360393385111e-04
7.048810762099464236e-04
7.005322934718916658e-04
6.960360404315420408e-04
6.914564590210558808e-04
6.868034745600617563e-04
6.820096831396668191e-04
6.769853472476668839e-04
6.717076017012311691e-04
6.662595008517989371e-04
6.607949532482314649e-04
6.554727272336515961e-04
6.504036022352501943e-04
6.456203450509483870e-04
6.410584927801752948e-04
6.365499682382836375e-04
6.318702824163327037e-04
6.268689572001842842e-04
6.216133298145136172e-04
6.164097192275719761e-04
6.116591054189290857e-04
6.076616794113016409e-04
6.045109815312354638e-04
6.021044301788234512e-04
6.002085399019383392e-04
5.985386640447660275e-04
5.968555986317620847e-04
5.950563039597365610e-04
5.931961605377101231e-04
5.914165236253555221e-04
5.898356184110334615e-04
5.884872866074968012e-04
5.873309316763137373e-04
5.862864910052097882e-04
5.852487585984553382e-04
5.840876698174872353e-04
5.826688294227216382e-04
5.809005310670160719e-04
5.787752563302553215e-04
5.763780047182940095e-04
5.738672938948087034e-04
5.714428621742466234e-04
5.692949044579496444e-04
5.675394703074607703e-04
5.661832780693080817e-04
5.651530205062457778e-04
5.643594921432516700e-04
5.637356564768796884e-04
5.632302328553697108e-04
5.627877039233909620e-04
5.623426816891551744e-04
5.618261257463532960e-04
5.611734645502709611e-04
5.603375821431665158e-04
5.593090565134147376e-04
5.581319748031520573e-04
5.569015722727533278e-04
5.557421530284559208e-04
5.547739733483434896e-04
5.540795528355871693e-04
5.536801764879970391e-04
5.535377213161684663e-04
5.535911567145321722e-04
5.538084143706452529e-04
5.542103009186959616e-04
5.548439388659416561e-04
5.557343377627959246e-04
5.568618212380458494e-04
5.581757239905519186e-04
5.596117565709225619e-04
5.610856773619291461e-04
5.624750964480781457e-04
5.636233809827740499e-04
5.643826740375239206e-04
5.646754881548136061e-04
5.645329388438879081e-04
5.640844285606052590e-04
5.635072628922303210e-04
5.629602986280753292e-04
5.625248064835393575e-04
5.621768655885994465e-04
5.618100982747551309e-04
5.612993247995911065e-04
5.605646211933856251e-04
5.595977100765872668e-04
5.584478343834626060e-04
5.571922317680119826e-04
5.559127984193502599e-04
5.546841897225626965e-04
5.535711385131209927e-04
5.526292908411651814e-04
5.518992465682237471e-04
5.513889690286774906e-04
5.510563384376503723e-04
5.508117752433649549e-04
5.505476776595100760e-04
5.501780271895357960e-04
5.496610221934251656e-04
5.489924761809326752e-04
5.481835856386716105e-04
5.472455789089983444e-04
5.461879294974162713e-04
5.450176437455039142e-04
5.437288306258646889e-04
5.422908998777949607e-04
5.406524166893142110e-04
5.387506115682375160e-04
5.365023735296712854e-04
5.336375030546411293e-04
5.291660293528366440e-04
5.202442976598516296e-04
5.008652978111169905e-04
4.622841400213006870e-04
3.975345980699078940e-04
3.087614258956946408e-04
