8.707019365500754315e-04
1.349874699003597448e-03
1.898576784190584557e-03
2.472677139302335673e-03
3.038964092683665331e-03
3.580711326591509789e-03
4.093730534790058877e-03
4.579940548017462365e-03
5.042959397920617100e-03
5.486236407023608631e-03
5.912602832925700942e-03
6.324309231338493681e-03
6.723139630413815272e-03
7.110504273013097502e-03
7.487508909014219290e-03
7.855004748836358006e-03
8.213627029746201416e-03
8.563825867295383684e-03
8.905891732430688129e-03
9.239976986217040764e-03
9.566114434753669390e-03
9.884233574371866990e-03
1.019417500697412070e-02
1.049570337723367691e-02
1.078851909443794520e-02
1.107226903840157796e-02
1.134655640267844857e-02
1.161094979390375759e-02
1.186499167999237846e-02
1.210820625976182820e-02
1.234010681073965769e-02
1.256020255934719651e-02
1.276800510754485911e-02
1.296303444182517368e-02
1.314482454374866702e-02
1.331292861574634445e-02
1.346692393144862006e-02
1.360641631618851079e-02
1.373104426044973077e-02
1.384048266680038171e-02
1.393444622920167984e-02
1.401269244245535034e-02
1.407502423890787287e-02
1.412129224932686701e-02
1.415139668507008064e-02
1.416528883924731037e-02
1.416297220549878749e-02
1.414450321424622070e-02
1.410999158778169713e-02
1.405960031730858935e-02
1.399354526700162006e-02
1.391209441226941811e-02
1.381556672164461000e-02
1.370433069404972462e-02
1.357880256555167413e-02
1.343944420207997259e-02
1.328676069690223199e-02
1.312129769388378081e-02
1.294363845966672692e-02
1.275440072984943517e-02
1.255423335599593036e-02
1.234381278182388256e-02
1.212383937818180615e-02
1.189503366740739254e-02
1.165813246834023625e-02
1.141388499362887450e-02
1.116304893101622772e-02
1.090638654000364131e-02
1.064466079468473318e-02
1.037863160261186593e-02
1.010905212832228540e-02
9.836665248624355123e-03
9.562200164947768852e-03
9.286369196020093433e-03
9.009864771874234041e-03
8.733356647748879986e-03
8.457489353850917643e-03
8.182879894240709800e-03
7.910115705315421200e-03
7.639752881539486895e-03
7.372314673242138724e-03
7.108290258506569197e-03
6.848133788448345846e-03
6.592263702556139249e-03
6.341062308275569742e-03
6.094875616685558120e-03
5.854013423970175732e-03
5.618749626448671722e-03
5.389322755209283340e-03
5.165936714911770720e-03
4.948761710088427600e-03
4.737935341288789307e-03
4.533563852680370758e-03
4.335723512234115028e-03
4.144462105382168068e-03
3.959800523028043917e-03
3.781734425002136486e-03
3.610235960474206078e-03
3.445255527440952391e-03
3.286723554182406203e-03
3.134552286504459565e-03
2.988637565635140440e-03
2.848860582796936512e-03
2.715089597714160242e-03
2.587181609611131135e-03
2.464983970592132291e-03
2.348335932647242427e-03
2.237070120879776098e-03
2.131013926883213155e-03
2.029990817491944977e-03
1.933821555376244406e-03
1.842325329135031638e-03
1.755320791649582143e-03
1.672627006488576701e-03
1.594064303093183218e-03
1.519455042315341620e-03
1.448624294630225734e-03
1.381400433993693489e-03
1.317615650867873982e-03
1.257106388394677336e-03
1.199713706061094395e-03
1.145283575475912127e-03
1.093667113070110122e-03
1.044720754648609294e-03
9.983063767657601034e-04
9.542913698779166131e-04
9.125486681507505521e-04
8.729567406739969972e-04
8.353995486691888741e-04
7.997664730738660369e-04
7.659521054901429621e-04
7.338558546859492385e-04
7.033802474467209685e-04
6.744261656424253371e-04
6.468831145045294542e-04
6.206190572929356835e-04
5.954877600063963709e-04
5.713734250664847429e-04
5.482556336388602278e-04
5.262271096196670644e-04
5.054170021817389231e-04
4.858742703757174377e-04
4.675191530326745933e-04
4.501936126077966211e-04
4.337421226729668185e-04
4.180538021540408265e-04
4.030599500802912864e-04
3.887158110508309684e-04
3.749867701105845733e-04
3.618421624503557620e-04
3.492532477395650261e-04
3.371927978919869577e-04
3.256349161135946454e-04
3.145549860891830567e-04
3.039296214703001179e-04
2.937366158463222969e-04
2.839546272339819291e-04
2.745624582986290322e-04
2.655352185436286264e-04
2.568329790252734182e-04
2.483769521467578899e-04
2.400234173386743227e-04
2.315783778364222762e-04
2.229027699831219412e-04
2.140725593030363863e-04
2.054344667344074147e-04
1.974370194216115227e-04
1.903545944510470355e-04
1.841583419572301588e-04
1.786183769475266489e-04
1.734868607720600059e-04
1.686003647730304985e-04
1.638811738846956490e-04
1.593000497191016075e-04
1.548466965746841516e-04
1.505163525837491776e-04
1.463054268285639238e-04
1.422107053818024293e-04
0.000000000000000000e+00
0.000000000000000000e+00
0.000000000000000000e+00
0.000000000000000000e+00
0.000000000000000000e+00
0.000000000000000000e+00
0.000000000000000000e+00
0.000000000000000000e+00
0.000000000000000000e+00
0.000000000000000000e+00
0.000000000000000000e+00
0.000000000000000000e+00
0.000000000000000000e+00
0.000000000000000000e+00
0.000000000000000000e+00
0.000000000000000000e+00
0.000000000000000000e+00
0.000000000000000000e+00
0.000000000000000000e+00
0.000000000000000000e+00
0.000000000000000000e+00
0.000000000000000000e+00
0.000000000000000000e+00
0.000000000000000000e+00
0.000000000000000000e+00
0.000000000000000000e+00
0.000000000000000000e+00
0.000000000000000000e+00
0.000000000000000000e+00
0.000000000000000000e+00
0.000000000000000000e+00
0.000000000000000000e+00
0.000000000000000000e+00
0.000000000000000000e+00
0.000000000000000000e+00
0.000000000000000000e+00
0.000000000000000000e+00
0.000000000000000000e+00
0.000000000000000000e+00
0.000000000000000000e+00
0.000000000000000000e+00
0.000000000000000000e+00
0.000000000000000000e+00
0.000000000000000000e+00
0.000000000000000000e+00
0.000000000000000000e+00
0.000000000000000000e+00
0.000000000000000000e+00
0.000000000000000000e+00
0.000000000000000000e+00
0.000000000000000000e+00
0.000000000000000000e+00
0.000000000000000000e+00
0.000000000000000000e+00
0.000000000000000000e+00
0.000000000000000000e+00
0.000000000000000000e+00
0.000000000000000000e+00
0.000000000000000000e+00
0.000000000000000000e+00
0.000000000000000000e+00
0.000000000000000000e+00
0.000000000000000000e+00
0.000000000000000000e+00
0.000000000000000000e+00
0.000000000000000000e+00
0.000000000000000000e+00
0.000000000000000000e+00
0.000000000000000000e+00
0.000000000000000000e+00
0.000000000000000000e+00
0.000000000000000000e+00
0.000000000000000000e+00
0.000000000000000000e+00
0.000000000000000000e+00
0.000000000000000000e+00
0.000000000000000000e+00
0.000000000000000000e+00
0.000000000000000000e+00
0.000000000000000000e+00
0.000000000000000000e+00
0.000000000000000000e+00
0.000000000000000000e+00
0.000000000000000000e+00
0.000000000000000000e+00
0.000000000000000000e+00
0.000000000000000000e+00
0.000000000000000000e+00
0.000000000000000000e+00
0.000000000000000000e+00
0.000000000000000000e+00
0.000000000000000000e+00
0.000000000000000000e+00
0.000000000000000000e+00
0.000000000000000000e+00
0.000000000000000000e+00
0.000000000000000000e+00
0.000000000000000000e+00
0.000000000000000000e+00
0.000000000000000000e+00
0.000000000000000000e+00
0.000000000000000000e+00
0.000000000000000000e+00
0.000000000000000000e+00
0.000000000000000000e+00
0.000000000000000000e+00
0.000000000000000000e+00
0.000000000000000000e+00
0.000000000000000000e+00
0.000000000000000000e+00
0.000000000000000000e+00
0.000000000000000000e+00
0.000000000000000000e+00
0.000000000000000000e+00
0.000000000000000000e+00
0.000000000000000000e+00
0.000000000000000000e+00
0.000000000000000000e+00
0.000000000000000000e+00
0.000000000000000000e+00
0.000000000000000000e+00
0.000000000000000000e+00
0.000000000000000000e+00
0.000000000000000000e+00
0.000000000000000000e+00
0.000000000000000000e+00
0.000000000000000000e+00
0.000000000000000000e+00
0.000000000000000000e+00
0.000000000000000000e+00
0.000000000000000000e+00
0.000000000000000000e+00
0.000000000000000000e+00
0.000000000000000000e+00
0.000000000000000000e+00
0.000000000000000000e+00
0.000000000000000000e+00
0.000000000000000000e+00
0.000000000000000000e+00
0.000000000000000000e+00
0.000000000000000000e+00
0.000000000000000000e+00
0.000000000000000000e+00
0.000000000000000000e+00
0.000000000000000000e+00
0.000000000000000000e+00
0.000000000000000000e+00
0.000000000000000000e+00
0.000000000000000000e+00
0.000000000000000000e+00
0.000000000000000000e+00
0.000000000000000000e+00
0.000000000000000000e+00
0.000000000000000000e+00
0.000000000000000000e+00
0.000000000000000000e+00
0.000000000000000000e+00
0.000000000000000000e+00
0.000000000000000000e+00
0.000000000000000000e+00
0.000000000000000000e+00
0.000000000000000000e+00
0.000000000000000000e+00
0.000000000000000000e+00
0.000000000000000000e+00
0.000000000000000000e+00
0.000000000000000000e+00
0.000000000000000000e+00
0.000000000000000000e+00
0.000000000000000000e+00
0.000000000000000000e+00
0.000000000000000000e+00
0.000000000000000000e+00
