2.644482191645653206e-04
4.146329906698332872e-04
5.906753164718807434e-04
7.801662632875554920e-04
9.732302690732823770e-04
1.164345751584442909e-03
1.351451601302290119e-03
1.534277748708616712e-03
1.713169349393435254e-03
1.888563214132836466e-03
2.060831024100893104e-03
2.230259008685133403e-03
2.397061797442564049e-03
2.561399446682020593e-03
2.723391165259550755e-03
2.883124331395768396e-03
3.040660618499506536e-03
3.196040387794528946e-03
3.349286098690131951e-03
3.500405022379152187e-03
3.649391471726040701e-03
3.796228670339915102e-03
3.940890346073193384e-03
4.083342109548490292e-03
4.223542661722115739e-03
4.361444863037042784e-03
4.496996688640222603e-03
4.630142088336045361e-03
4.760821765710457863e-03
4.888973887720977907e-03
5.014534733692283322e-03
5.137439290869023900e-03
5.257621802306354682e-03
5.375016271817678430e-03
5.489556929871116341e-03
5.601178663675526054e-03
5.709817414181969815e-03
5.815410542316750558e-03
5.917897166434096627e-03
6.017218472712883987e-03
6.113318000008573401e-03
6.206141900498727756e-03
6.295639177319465110e-03
6.381761900274995729e-03
6.464465400607704096e-03
6.543708445738062422e-03
6.619453394818944868e-03
6.691666335894914941e-03
6.760317205411963543e-03
6.825379890784960026e-03
6.886832316697862229e-03
6.944656515784040050e-03
6.998838684310229423e-03
7.049369223466916620e-03
7.096242766849826696e-03
7.139458194700904273e-03
7.179018635462984001e-03
7.214931455189154547e-03
7.247208235336136638e-03
7.275864739460074712e-03
7.300920869323181822e-03
7.322400610910454778e-03
7.340331970846963004e-03
7.354746903698248725e-03
7.365681230628768478e-03
7.373174549886263827e-03
7.377270139573288699e-03
7.378014853160923432e-03
7.375459008193801548e-03
7.369656268630094334e-03
7.360663521254991355e-03
7.348540746601226782e-03
7.333350884805777022e-03
7.315159696827394295e-03
7.294035621445628392e-03
7.270049628457972077e-03
7.243275068488104484e-03
7.213787519814367048e-03
7.181664632624101471e-03
7.146985971095775637e-03
7.109832853707222060e-03
7.070288192164410346e-03
7.028436329341376972e-03
6.984362876617675187e-03
6.938154550995333757e-03
6.889899012372512413e-03
6.839684701345937444e-03
6.787600677908528328e-03
6.733736461402654513e-03
6.678181872082643994e-03
6.621026874633110203e-03
6.562361423981652800e-03
6.502275313736016402e-03
6.440858027566474971e-03
6.378198593844277425e-03
6.314385443836199180e-03
6.249506273743741375e-03
6.183647910863241184e-03
6.116896184130119277e-03
6.049335799296585818e-03
5.981050218977671841e-03
5.912121547785046706e-03
5.842630422752159366e-03
5.772655909237557441e-03
5.702275402476001884e-03
5.631564534929132601e-03
5.560597089569184991e-03
5.489444919210415691e-03
5.418177871983831211e-03
5.346863723031364257e-03
5.275568112475991639e-03
5.204354489704545589e-03
5.133284063980110383e-03
5.062415761381154101e-03
4.991806188044860607e-03
4.921509599672700512e-03
4.851577877237158928e-03
4.782060508809772396e-03
4.713004577412429306e-03
4.644454754776121928e-03
4.576453300874407278e-03
4.509040069082416620e-03
4.442252516796837795e-03
4.376125721337631794e-03
4.310692400938506870e-03
4.245982940620568122e-03
4.182025422731786013e-03
4.118845661924482558e-03
4.056467244333503315e-03
3.994911570709523338e-03
3.934197903254841103e-03
3.874343415903128054e-03
3.815363247779887321e-03
3.757270559576990701e-03
3.700076592572341082e-03
3.643790730024634543e-03
3.588420560673378102e-03
3.533971944075483054e-03
3.480449077512177275e-03
3.427854564203374269e-03
3.376189482571144429e-03
3.325453456299325931e-03
3.275644724942696449e-03
3.226760214846353773e-03
3.178795610143952607e-03
3.131745423612210429e-03
3.085603067168513070e-03
3.040360921808444444e-03
2.996010406790596339e-03
2.952542047887013205e-03
2.909945544528931647e-03
2.868209835689152463e-03
2.827323164354256842e-03
2.787273140451902980e-03
2.748046802110543866e-03
2.709630675141076923e-03
2.672010830641999030e-03
2.635172940641626518e-03
2.599102331702761448e-03
2.563784036426775600e-03
2.529202842805393110e-03
2.495343341379453479e-03
2.462189970174565729e-03
2.429727057393782450e-03
2.397938861857217170e-03
2.366809611187821807e-03
2.336323537751391118e-03
2.306464912367113974e-03
2.277218075812804509e-03
2.248567468156119267e-03
2.220497655949749041e-03
2.192993357334649569e-03
2.166039465100933707e-03
2.139621067760974320e-03
2.113723468693729738e-03
2.088332203423129071e-03
2.063433055096705777e-03
2.039012068233485037e-03
2.015055560812422514e-03
1.991550134774528261e-03
1.968482685013163945e-03
1.945840406927927015e-03
1.923610802618035912e-03
1.901781685791233004e-03
1.880341185463989002e-03
1.859277748528170545e-03
1.838580141258450932e-03
1.818237449833527090e-03
1.798239079942782733e-03
1.778574755548311846e-03
1.759234516870386480e-03
1.740208717662303532e-03
1.721488021838404100e-03
1.703063399516631252e-03
1.684926122534564745e-03
1.667067728983654632e-03
1.649479941095473388e-03
1.632154225685602828e-03
1.615080496348674042e-03
1.598244393616039469e-03
1.581624324163646020e-03
1.565193188023333327e-03
1.548930472774808029e-03
1.532840555509897137e-03
1.516958915915480720e-03
1.501332556909971017e-03
1.485988302126917170e-03
1.470918153772601301e-03
1.456091257423631959e-03
1.441475045335650820e-03
1.427046971826549313e-03
1.412794580985087282e-03
1.398711158920433635e-03
1.384792302635783545e-03
1.371034363227854186e-03
1.357433937667582372e-03
1.343987773461718547e-03
1.330692731299558743e-03
1.317545614559827985e-03
1.304542740386170456e-03
1.291677543650838729e-03
1.278933409548471201e-03
1.266268498212346025e-03
1.253598775764818134e-03
1.240806197126872448e-03
1.227803986414010553e-03
1.214638127177611413e-03
1.201525982519856001e-03
1.188754714077202082e-03
1.176509543016384524e-03
1.164789491154268140e-03
1.153466220830861753e-03
1.142395590979576733e-03
1.131481798651042371e-03
1.120679835642982621e-03
1.109973707050386331e-03
1.099358780823998273e-03
1.088833715661516799e-03
1.078397822662042690e-03
1.068050588070040005e-03
1.057791495270220435e-03
1.047620024980985788e-03
1.037535655442489149e-03
1.027537862599446541e-03
1.017626120278815761e-03
1.007799900362478995e-03
9.980586729550358985e-04
9.884019065468350757e-04
9.788290681723515151e-04
9.693396235640249024e-04
9.599330373016688603e-04
9.506087729575563895e-04
9.413662932372842936e-04
9.322050601165217561e-04
9.231245349737404304e-04
9.141241787190223199e-04
9.052034519190434603e-04
8.963618149183206823e-04
8.875987279568183820e-04
8.789136512839971572e-04
8.703060452693965740e-04
8.617753705098311033e-04
8.533210879332849864e-04
8.449426588995845267e-04
8.366395452979273877e-04
8.284112096413471767e-04
8.202571151581809685e-04
8.121767258806244453e-04
8.041695067304360182e-04
7.962349236018648494e-04
7.883724434418706460e-04
7.805815343276986500e-04
7.728616655418800831e-04
7.652123076447168082e-04
7.576329325443153682e-04
7.501230135642301435e-04
7.426820255087735216e-04
7.353094447260535805e-04
7.280047491687949030e-04
7.207674184529948899e-04
7.135969339144759621e-04
7.064927786633784295e-04
6.994544376366539822e-04
6.924813976486007870e-04
6.855731474394996050e-04
6.787291777223896337e-04
6.719489812280374187e-04
6.652320527481413344e-04
6.585778891768186887e-04
6.519859895504161087e-04
6.454558550856897203e-04
6.389869892163938274e-04
6.325788976283204827e-04
6.262310882928297413e-04
6.199430714989083262e-04
6.137143598837968214e-04
6.075444684622196547e-04
6.014329146542579836e-04
5.953792183118968191e-04
5.893829017442842261e-04
5.834434897417351256e-04
5.775605095985124424e-04
5.717334911344180157e-04
5.659619667152273161e-04
5.602454712719925813e-04
5.545835423192534011e-04
5.489757199721742673e-04
5.434215469626471444e-04
5.379205686543794438e-04
5.324723330570005787e-04
5.270763908392091072e-04
5.217322953409913667e-04
5.164396025849324117e-04
5.111978712866477748e-04
5.060066628643584887e-04
5.008655414476340930e-04
4.957740738853272594e-04
4.907318297527192260e-04
4.857383813579045553e-04
4.807933037474312627e-04
4.758961747112189743e-04
4.710465747867776114e-04
4.662440872627449800e-04
4.614882981817627797e-04
4.567787963427113063e-04
4.521151733023210111e-04
4.474970233761793440e-04
4.429239436391509913e-04
4.383955339252278214e-04
4.339113968268286533e-04
4.294711376935602841e-04
4.250743646304624914e-04
4.207206884957467126e-04
4.164097228980478634e-04
4.121410841932045830e-04
4.079143914805778790e-04
4.037292665989300217e-04
3.995853341218707317e-04
3.954822213528894201e-04
3.914195583199830747e-04
3.873969777698963281e-04
3.834141151619840059e-04
3.794625873812747566e-04
3.755051238249048013e-04
3.713590813653860879e-04
3.663445582613416695e-04
3.585293968317450450e-04
3.438493101763847063e-04
3.163935968656563912e-04
2.714562019588863525e-04
2.104944306793041578e-04
