0.000000000000000000e+00 0.000000000000000000e+00 0.000000000000000000e+00 2.735387985828842102e-05 2.735387985828842102e-05 2.735387985828842102e-05 2.735387985828842102e-05 2.735387985828842102e-05
0.000000000000000000e+00 4.333645220469035630e-06 4.333645220469035630e-06 7.235748611122073319e-05 7.235748611122073319e-05 7.235748611122073319e-05 7.235748611122073319e-05 7.235748611122073319e-05
0.000000000000000000e+00 1.088454858206157673e-05 1.088454858206157673e-05 1.125440584778990218e-04 1.125440584778990218e-04 1.125440584778990218e-04 1.125440584778990218e-04 1.125440584778990218e-04
0.000000000000000000e+00 1.994085293644824169e-05 1.994085293644824169e-05 1.495913576023080065e-04 1.495913576023080065e-04 1.495913576023080065e-04 1.495913576023080065e-04 1.495913576023080065e-04
0.000000000000000000e+00 3.130618689943299077e-05 3.130618689943299077e-05 1.841705272023535166e-04 1.841705272023535166e-04 1.841705272023535166e-04 1.841705272023535166e-04 1.841705272023535166e-04
2.158995479049895542e-06 4.482833881904017159e-05 4.482833881904017159e-05 2.166634521956138486e-04 2.166634521956138486e-04 2.166634521956138486e-04 2.166634521956138486e-04 2.166634521956138486e-04
3.256932613343664703e-06 6.037754553932878022e-05 6.037754553932878022e-05 2.473244621151294664e-04 2.473244621151294664e-04 2.473244621151294664e-04 2.473244621151294664e-04 2.473244621151294664e-04
4.630757626103022090e-06 7.783687582204552109e-05 7.783687582204552109e-05 2.763392147693987831e-04 2.763392147693987831e-04 2.763392147693987831e-04 2.763392147693987831e-04 2.763392147693987831e-04
6.298201136603403396e-06 9.709723754533364573e-05 9.709723754533364573e-05 3.038516403600629917e-04 3.038516403600629917e-04 3.038516403600629917e-04 3.038516403600629917e-04 3.038516403600629917e-04
8.275228545851949638e-06 1.180545309196742232e-04 1.180545309196742232e-04 3.299781353876946846e-04 3.299781353876946846e-04 3.299781353876946846e-04 3.299781353876946846e-04 3.299781353876946846e-04
1.057622529365172220e-05 1.406079288541146942e-04 1.406079288541146942e-04 3.548158029043189010e-04 3.548158029043189010e-04 3.548158029043189010e-04 3.548158029043189010e-04 3.548158029043189010e-04
1.321412154504977584e-05 1.646588030017308182e-04 1.646588030017308182e-04 3.784475916753092420e-04 3.784475916753092420e-04 3.784475916753092420e-04 3.784475916753092420e-04 3.784475916753092420e-04
1.620047708059649502e-05 1.901100442427510720e-04 1.901100442427510720e-04 4.009456833311887702e-04 4.009456833311887702e-04 4.009456833311887702e-04 4.009456833311887702e-04 4.009456833311887702e-04
1.954553909665093957e-05 2.168656362793762514e-04 2.168656362793762514e-04 4.223738252333406767e-04 4.223738252333406767e-04 4.223738252333406767e-04 4.223738252333406767e-04 4.223738252333406767e-04
2.325828110902258499e-05 2.448303979886428273e-04 2.448303979886428273e-04 4.427889960213744302e-04 4.427889960213744302e-04 4.427889960213744302e-04 4.427889960213744302e-04 4.427889960213744302e-04
2.734642847971346019e-05 2.739098416905445419e-04 2.739098416905445419e-04 4.622426308844890426e-04 4.622426308844890426e-04 4.622426308844890426e-04 4.622426308844890426e-04 4.622426308844890426e-04
3.181647442659665635e-05 3.040101128614911062e-04 3.040101128614911062e-04 4.807815460936393334e-04 4.807815460936393334e-04 4.807815460936393334e-04 4.807815460936393334e-04 4.807815460936393334e-04
3.667368930392807020e-05 3.350379880167033884e-04 3.350379880167033884e-04 4.984486519591928722e-04 4.984486519591928722e-04 4.984486519591928722e-04 4.984486519591928722e-04 4.984486519591928722e-04
4.192212522562483503e-05 3.669009145636833850e-04 3.669009145636833850e-04 5.152835131153258967e-04 5.152835131153258967e-04 5.152835131153258967e-04 5.152835131153258967e-04 5.152835131153258967e-04
4.756461761068415993e-05 3.995070810516268447e-04 3.995070810516268447e-04 5.313227961728380321e-04 5.313227961728380321e-04 5.313227961728380321e-04 5.313227961728380321e-04 5.313227961728380321e-04
5.360278488212497072e-05 4.327655093470904866e-04 4.327655093470904866e-04 5.466006326510108480e-04 5.466006326510108480e-04 5.466006326510108480e-04 5.466006326510108480e-04 5.466006326510108480e-04
6.003702729888450842e-05 4.665861624056017246e-04 4.665861624056017246e-04 5.611489170768640218e-04 5.611489170768640218e-04 5.611489170768640218e-04 5.611489170768640218e-04 5.611489170768640218e-04
6.686652571340989074e-05 5.008800628167235994e-04 5.008800628167235994e-04 5.749975547037290734e-04 5.749975547037290734e-04 5.749975547037290734e-04 5.749975547037290734e-04 5.749975547037290734e-04
7.408924090621159340e-05 5.355594183853308425e-04 5.355594183853308425e-04 5.881746695359429738e-04 5.881746695359429738e-04 5.881746695359429738e-04 5.881746695359429738e-04 5.881746695359429738e-04
8.170191403903031885e-05 5.705377518083506842e-04 5.705377518083506842e-04 6.007067806875859796e-04 6.007067806875859796e-04 6.007067806875859796e-04 6.007067806875859796e-04 6.007067806875859796e-04
8.970006868142294692e-05 6.057300321017296567e-04 6.057300321017296567e-04 6.126189531922639382e-04 6.126189531922639382e-04 6.126189531922639382e-04 6.126189531922639382e-04 6.126189531922639382e-04
9.807801479520846639e-05 6.410528058855758564e-04 6.410528058855758564e-04 6.239349279855713410e-04 6.239349279855713410e-04 6.239349279855713410e-04 6.239349279855713410e-04 6.239349279855713410e-04
1.068288550028891819e-04 6.764243269862531922e-04 6.764243269862531922e-04 6.346772347481072869e-04 6.346772347481072869e-04 6.346772347481072869e-04 6.346772347481072869e-04 6.346772347481072869e-04
1.159444934167285906e-04 7.117646830903587296e-04 7.117646830903587296e-04 6.448672905208630403e-04 6.448672905208630403e-04 6.448672905208630403e-04 6.448672905208630403e-04 6.448672905208630403e-04
1.254156472623297843e-04 7.469959184064391957e-04 7.469959184064391957e-04 6.545254864150854956e-04 6.545254864150854956e-04 6.545254864150854956e-04 6.545254864150854956e-04 6.545254864150854956e-04
1.352318614926609067e-04 7.820421514698522227e-04 7.820421514698522227e-04 6.636712642855585077e-04 6.636712642855585077e-04 6.636712642855585077e-04 6.636712642855585077e-04 6.636712642855585077e-04
1.453815265542936122e-04 8.168296873743598327e-04 8.168296873743598327e-04 6.723231848844129620e-04 6.723231848844129620e-04 6.723231848844129620e-04 6.723231848844129620e-04 6.723231848844129620e-04
1.558518994362546243e-04 8.512871238381176540e-04 8.512871238381176540e-04 6.804989887367625780e-04 6.804989887367625780e-04 6.804989887367625780e-04 6.804989887367625780e-04 6.804989887367625780e-04
1.666291281026749589e-04 8.853454506171032573e-04 8.853454506171032573e-04 6.882156507613306157e-04 6.882156507613306157e-04 6.882156507613306157e-04 6.882156507613306157e-04 6.882156507613306157e-04
1.776982793828690312e-04 9.189381418696473264e-04 9.189381418696473264e-04 6.954894294852575608e-04 6.954894294852575608e-04 6.954894294852575608e-04 6.954894294852575608e-04 6.954894294852575608e-04
1.890433703662235967e-04 9.520012411546443848e-04 9.520012411546443848e-04 7.023359115624592001e-04 7.023359115624592001e-04 7.023359115624592001e-04 7.023359115624592001e-04 7.023359115624592001e-04
2.006474033240749082e-04 9.844734388154297716e-04 9.844734388154297716e-04 7.087700521917013243e-04 7.087700521917013243e-04 7.087700521917013243e-04 7.087700521917013243e-04 7.087700521917013243e-04
2.124924041564146588e-04 1.016296141562982123e-03 1.016296141562982123e-03 7.148062119382796566e-04 7.148062119382796566e-04 7.148062119382796566e-04 7.148062119382796566e-04 7.148062119382796566e-04
2.245594643376778890e-04 1.047413534127324478e-03 1.047413534127324478e-03 7.204581903874943908e-04 7.204581903874943908e-04 7.204581903874943908e-04 7.204581903874943908e-04 7.204581903874943908e-04
2.368287863129523482e-04 1.077772632895797680e-03 1.077772632895797680e-03 7.257392569956206243e-04 7.257392569956206243e-04 7.257392569956206243e-04 7.257392569956206243e-04 7.257392569956206243e-04
2.492797322736755986e-04 1.107323331502015193e-03 1.107323331502015193e-03 7.306621794522104481e-04 7.306621794522104481e-04 7.306621794522104481e-04 7.306621794522104481e-04 7.306621794522104481e-04
2.618908762202464533e-04 1.136018438370428639e-03 1.136018438370428639e-03 7.352392498242716744e-04 7.352392498242716744e-04 7.352392498242716744e-04 7.352392498242716744e-04 7.352392498242716744e-04
2.746400591979841744e-04 1.163813706258985409e-03 1.163813706258985409e-03 7.394823087165583583e-04 7.394823087165583583e-04 7.394823087165583583e-04 7.394823087165583583e-04 7.394823087165583583e-04
2.875044475725665777e-04 1.190667853876731111e-03 1.190667853876731111e-03 7.434027676515841130e-04 7.434027676515841130e-04 7.434027676515841130e-04 7.434027676515841130e-04 7.434027676515841130e-04
3.004605941914984739e-04 1.216542579684703378e-03 1.216542579684703378e-03 7.470116298470616664e-04 7.470116298470616664e-04 7.470116298470616664e-04 7.470116298470616664e-04 7.470116298470616664e-04
3.134845022593830597e-04 1.241402568017310661e-03 1.241402568017310661e-03 7.503195095464080481e-04 7.503195095464080481e-04 7.503195095464080481e-04 7.503195095464080481e-04 7.503195095464080481e-04
3.265516917368409418e-04 1.265215487687770899e-03 1.265215487687770899e-03 7.533366500391252413e-04 7.533366500391252413e-04 7.533366500391252413e-04 7.533366500391252413e-04 7.533366500391252413e-04
3.396372680559308602e-04 1.287951983265303883e-03 1.287951983265303883e-03 7.560729404917205208e-04 7.560729404917205208e-04 7.560729404917205208e-04 7.560729404917205208e-04 7.560729404917205208e-04
3.527159929289362564e-04 1.309585659233670953e-03 1.309585659233670953e-03 7.585379316959151800e-04 7.585379316959151800e-04 7.585379316959151800e-04 7.585379316959151800e-04 7.585379316959151800e-04
3.657623570124832147e-04 1.330093057260540784e-03 1.330093057260540784e-03 7.607408508288922419e-04 7.607408508288922419e-04 7.607408508288922419e-04 7.607408508288922419e-04 7.607408508288922419e-04
3.787506541752135828e-04 1.349453626825063016e-03 1.349453626825063016e-03 7.626906153099127263e-04 7.626906153099127263e-04 7.626906153099127263e-04 7.626906153099127263e-04 7.626906153099127263e-04
3.916550571047376357e-04 1.367649689467019579e-03 1.367649689467019579e-03 7.643958458285728336e-04 7.643958458285728336e-04 7.643958458285728336e-04 7.643958458285728336e-04 7.643958458285728336e-04
4.044496939784038530e-04 1.384666396935157811e-03 1.384666396935157811e-03 7.658648786120730682e-04 7.658648786120730682e-04 7.658648786120730682e-04 7.658648786120730682e-04 7.658648786120730682e-04
4.171087259126179578e-04 1.400491683524721217e-03 1.400491683524721217e-03 7.671057769919528962e-04 7.671057769919528962e-04 7.671057769919528962e-04 7.671057769919528962e-04 7.671057769919528962e-04
4.296064248970865563e-04 1.415116212904979787e-03 1.415116212904979787e-03 7.681263423246651942e-04 7.681263423246651942e-04 7.681263423246651942e-04 7.681263423246651942e-04 7.681263423246651942e-04
4.419172519135125695e-04 1.428533319746677979e-03 1.428533319746677979e-03 7.689341243150280870e-04 7.689341243150280870e-04 7.689341243150280870e-04 7.689341243150280870e-04 7.689341243150280870e-04
4.540159349329777661e-04 1.440738946466876228e-03 1.440738946466876228e-03 7.695364307868633475e-04 7.695364307868633475e-04 7.695364307868633475e-04 7.695364307868633475e-04 7.695364307868633475e-04
4.658775464825650500e-04 1.451731575414710396e-03 1.451731575414710396e-03 7.699403369409589569e-04 7.699403369409589569e-04 7.699403369409589569e-04 7.699403369409589569e-04 7.699403369409589569e-04
4.774775804697239056e-04 1.461512156826148519e-03 1.461512156826148519e-03 7.701526941367879469e-04 7.701526941367879469e-04 7.701526941367879469e-04 7.701526941367879469e-04 7.701526941367879469e-04
4.887920279525169746e-04 1.470084032879021311e-03 1.470084032879021311e-03 7.701801382311134880e-04 7.701801382311134880e-04 7.701801382311134880e-04 7.701801382311134880e-04 7.701801382311134880e-04
4.997974515451869418e-04 1.477452858181393328e-03 1.477452858181393328e-03 7.700290975036823025e-04 7.700290975036823025e-04 7.700290975036823025e-04 7.700290975036823025e-04 7.700290975036823025e-04
5.104710581515004052e-04 1.483626517026889009e-03 1.483626517026889009e-03 7.697058001975711590e-04 7.697058001975711590e-04 7.697058001975711590e-04 7.697058001975711590e-04 7.697058001975711590e-04
5.207907697230288379e-04 1.488615037749858568e-03 1.488615037749858568e-03 7.692162816994099761e-04 7.692162816994099761e-04 7.692162816994099761e-04 7.692162816994099761e-04 7.692162816994099761e-04
5.307352917459106940e-04 1.492430504511390883e-03 1.492430504511390883e-03 7.685663913825881632e-04 7.685663913825881632e-04 7.685663913825881632e-04 7.685663913825881632e-04 7.685663913825881632e-04
5.402841791676887481e-04 1.495086966844171635e-03 1.495086966844171635e-03 7.677617991346613819e-04 7.677617991346613819e-04 7.677617991346613819e-04 7.677617991346613819e-04 7.677617991346613819e-04
5.494178994854962469e-04 1.496600347280108373e-03 1.496600347280108373e-03 7.668080015884559371e-04 7.668080015884559371e-04 7.668080015884559371e-04 7.668080015884559371e-04 7.668080015884559371e-04
5.581178927281200616e-04 1.496988347379599790e-03 1.496988347379599790e-03 7.657103280748393890e-04 7.657103280748393890e-04 7.657103280748393890e-04 7.657103280748393890e-04 7.657103280748393890e-04
5.663666280772624044e-04 1.496270352475316794e-03 1.496270352475316794e-03 7.644739463137182472e-04 7.644739463137182472e-04 7.644739463137182472e-04 7.644739463137182472e-04 7.644739463137182472e-04
5.741476568875832857e-04 1.494467335436505369e-03 1.494467335436505369e-03 7.631038678585666968e-04 7.631038678585666968e-04 7.631038678585666968e-04 7.631038678585666968e-04 7.631038678585666968e-04
5.814456618807421501e-04 1.491601759752121626e-03 1.491601759752121626e-03 7.616049533086419144e-04 7.616049533086419144e-04 7.616049533086419144e-04 7.616049533086419144e-04 7.616049533086419144e-04
5.882465023056238041e-04 1.487697482222724490e-03 1.487697482222724490e-03 7.599819173019975579e-04 7.599819173019975579e-04 7.599819173019975579e-04 7.599819173019975579e-04 7.599819173019975579e-04
5.945372548750957635e-04 1.482779655541886440e-03 1.482779655541886440e-03 7.582393333014592019e-04 7.582393333014592019e-04 7.582393333014592019e-04 7.582393333014592019e-04 7.582393333014592019e-04
6.003062503089244073e-04 1.476874631038206697e-03 1.476874631038206697e-03 7.563816381848604067e-04 7.563816381848604067e-04 7.563816381848604067e-04 7.563816381848604067e-04 7.563816381848604067e-04
6.055431053327658920e-04 1.470009861838678317e-03 1.470009861838678317e-03 7.544131366500425205e-04 7.544131366500425205e-04 7.544131366500425205e-04 7.544131366500425205e-04 7.544131366500425205e-04
6.102387500043120541e-04 1.462213806703392856e-03 1.462213806703392856e-03 7.523380054444049831e-04 7.523380054444049831e-04 7.523380054444049831e-04 7.523380054444049831e-04 7.523380054444049831e-04
6.143854502596037513e-04 1.453515834770334730e-03 1.453515834770334730e-03 7.501602974281263315e-04 7.501602974281263315e-04 7.501602974281263315e-04 7.501602974281263315e-04 7.501602974281263315e-04
6.179768255950893706e-04 1.443946131437412158e-03 1.443946131437412158e-03 7.478839454795661347e-04 7.478839454795661347e-04 7.478839454795661347e-04 7.478839454795661347e-04 7.478839454795661347e-04
6.210078618240653719e-04 1.433535605596938803e-03 1.433535605596938803e-03 7.455127662508060108e-04 7.455127662508060108e-04 7.455127662508060108e-04 7.455127662508060108e-04 7.455127662508060108e-04
6.234749188695625248e-04 1.422315798425612468e-03 1.422315798425612468e-03 7.430504637807675700e-04 7.430504637807675700e-04 7.430504637807675700e-04 7.430504637807675700e-04 7.430504637807675700e-04
6.253757335793831739e-04 1.410318793920624803e-03 1.410318793920624803e-03 7.405006329728758838e-04 7.405006329728758838e-04 7.405006329728758838e-04 7.405006329728758838e-04 7.405006329728758838e-04
6.267094175727138533e-04 1.397577131360005012e-03 1.397577131360005012e-03 7.378667629438014509e-04 7.378667629438014509e-04 7.378667629438014509e-04 7.378667629438014509e-04 7.378667629438014509e-04
6.274764501513983286e-04 1.384123719852639427e-03 1.384123719852639427e-03 7.351522402494082425e-04 7.351522402494082425e-04 7.351522402494082425e-04 7.351522402494082425e-04 7.351522402494082425e-04
6.276786663323937789e-04 1.369991755130738412e-03 1.369991755130738412e-03 7.323603519936617992e-04 7.323603519936617992e-04 7.323603519936617992e-04 7.323603519936617992e-04 7.323603519936617992e-04
6.273192400810351189e-04 1.355214638724792876e-03 1.355214638724792876e-03 7.294942888259171952e-04 7.294942888259171952e-04 7.294942888259171952e-04 7.294942888259171952e-04 7.294942888259171952e-04
6.264026628473305961e-04 1.339825899648444500e-03 1.339825899648444500e-03 7.265571478316670091e-04 7.265571478316670091e-04 7.265571478316670091e-04 7.265571478316670091e-04 7.265571478316670091e-04
6.249347175294871649e-04 1.323859118708101438e-03 1.323859118708101438e-03 7.235519353215578466e-04 7.235519353215578466e-04 7.235519353215578466e-04 7.235519353215578466e-04 7.235519353215578466e-04
6.229224480100821948e-04 1.307347855539727540e-03 1.307347855539727540e-03 7.204815695231895972e-04 7.204815695231895972e-04 7.204815695231895972e-04 7.204815695231895972e-04 7.204815695231895972e-04
6.203741244306243668e-04 1.290325578462945665e-03 1.290325578462945665e-03 7.173488831799641969e-04 7.173488831799641969e-04 7.173488831799641969e-04 7.173488831799641969e-04 7.173488831799641969e-04
6.172992043895643823e-04 1.272825597230566866e-03 1.272825597230566866e-03 7.141566260610139822e-04 7.141566260610139822e-04 7.141566260610139822e-04 7.141566260610139822e-04 7.141566260610139822e-04
6.137082902670240939e-04 1.254880998739821198e-03 1.254880998739821198e-03 7.109074673860135609e-04 7.109074673860135609e-04 7.109074673860135609e-04 7.109074673860135609e-04 7.109074673860135609e-04
6.096130828964674200e-04 1.236524585760049103e-03 1.236524585760049103e-03 7.076039981684761589e-04 7.076039981684761589e-04 7.076039981684761589e-04 7.076039981684761589e-04 7.076039981684761589e-04
6.050263318192038858e-04 1.217788818720368874e-03 1.217788818720368874e-03 7.042487334809399225e-04 7.042487334809399225e-04 7.042487334809399225e-04 7.042487334809399225e-04 7.042487334809399225e-04
5.999617823718306079e-04 1.198705760589928058e-03 1.198705760589928058e-03 7.008441146452736893e-04 7.008441146452736893e-04 7.008441146452736893e-04 7.008441146452736893e-04 7.008441146452736893e-04
5.944341198694780802e-04 1.179307024872809423e-03 1.179307024872809423e-03 6.973925113511568593e-04 6.973925113511568593e-04 6.973925113511568593e-04 6.973925113511568593e-04 6.973925113511568593e-04
5.884589111589020542e-04 1.159623726729488904e-03 1.159623726729488904e-03 6.938962237056385931e-04 6.938962237056385931e-04 6.938962237056385931e-04 6.938962237056385931e-04 6.938962237056385931e-04
5.820525438250441367e-04 1.139686437226962966e-03 1.139686437226962966e-03 6.903574842165245739e-04 6.903574842165245739e-04 6.903574842165245739e-04 6.903574842165245739e-04 6.903574842165245739e-04
5.752321633425959164e-04 1.119525140710319385e-03 1.119525140710319385e-03 6.867784597122116334e-04 6.867784597122116334e-04 6.867784597122116334e-04 6.867784597122116334e-04 6.867784597122116334e-04
5.680156084703250714e-04 1.099169195279585138e-03 1.099169195279585138e-03 6.831612532004505698e-04 6.831612532004505698e-04 6.831612532004505698e-04 6.831612532004505698e-04 6.831612532004505698e-04
5.604213451904329528e-04 1.078647296347204224e-03 1.078647296347204224e-03 6.795079056684062485e-04 6.795079056684062485e-04 6.795079056684062485e-04 6.795079056684062485e-04 6.795079056684062485e-04
5.524683994980053928e-04 1.057987443243466486e-03 1.057987443243466486e-03 6.758203978262546227e-04 6.758203978262546227e-04 6.758203978262546227e-04 6.758203978262546227e-04 6.758203978262546227e-04
5.441762893466730883e-04 1.037216908829632087e-03 1.037216908829632087e-03 6.721006517964701150e-04 6.721006517964701150e-04 6.721006517964701150e-04 6.721006517964701150e-04 6.721006517964701150e-04
5.355649560559766660e-04 1.016362212071391085e-03 1.016362212071391085e-03 6.683505327508321202e-04 6.683505327508321202e-04 6.683505327508321202e-04 6.683505327508321202e-04 6.683505327508321202e-04
5.266546954835938819e-04 9.954490935186657147e-04 9.954490935186657147e-04 6.645718504971003492e-04 6.645718504971003492e-04 6.645718504971003492e-04 6.645718504971003492e-04 6.645718504971003492e-04
5.174660892616333042e-04 9.745024936315904935e-04 9.745024936315904935e-04 6.607663610172152769e-04 6.607663610172152769e-04 6.607663610172152769e-04 6.607663610172152769e-04 6.607663610172152769e-04
5.080199363906300362e-04 9.535465338868259104e-04 9.535465338868259104e-04 6.569357679587870414e-04 6.569357679587870414e-04 6.569357679587870414e-04 6.569357679587870414e-04 6.569357679587870414e-04
4.983371854777826106e-04 9.326045005931224733e-04 9.326045005931224733e-04 6.530817240815692433e-04 6.530817240815692433e-04 6.530817240815692433e-04 6.530817240815692433e-04 6.530817240815692433e-04
4.884388678973941448e-04 9.116988313403296502e-04 9.116988313403296502e-04 6.492058326605257366e-04 6.492058326605257366e-04 6.492058326605257366e-04 6.492058326605257366e-04 6.492058326605257366e-04
4.783460321415148090e-04 8.908511040017101429e-04 8.908511040017101429e-04 6.453096488470387582e-04 6.453096488470387582e-04 6.453096488470387582e-04 6.453096488470387582e-04 6.453096488470387582e-04
4.680796796175099896e-04 8.700820282056228368e-04 8.700820282056228368e-04 6.413946809897271657e-04 6.413946809897271657e-04 6.413946809897271657e-04 6.413946809897271657e-04 6.413946809897271657e-04
4.576607021367741024e-04 8.494114391892234033e-04 8.494114391892234033e-04 6.374623919162909682e-04 6.374623919162909682e-04 6.374623919162909682e-04 6.374623919162909682e-04 6.374623919162909682e-04
4.471098213252166641e-04 8.288582939438937734e-04 8.288582939438937734e-04 6.335142001777290541e-04 6.335142001777290541e-04 6.335142001777290541e-04 6.335142001777290541e-04 6.335142001777290541e-04
4.364475301715091426e-04 8.084406695595800938e-04 8.084406695595800938e-04 6.295514812562260634e-04 6.295514812562260634e-04 6.295514812562260634e-04 6.295514812562260634e-04 6.295514812562260634e-04
4.256940369135714906e-04 7.881757636731195416e-04 7.881757636731195416e-04 6.255755687379450447e-04 6.255755687379450447e-04 6.255755687379450447e-04 6.255755687379450447e-04 6.255755687379450447e-04
4.148692114474692360e-04 7.680798969239178032e-04 7.680798969239178032e-04 6.215877554519129910e-04 6.215877554519129910e-04 6.215877554519129910e-04 6.215877554519129910e-04 6.215877554519129910e-04
4.039925344259129650e-04 7.481685173190462260e-04 7.481685173190462260e-04 6.175892945761392912e-04 6.175892945761392912e-04 6.175892945761392912e-04 6.175892945761392912e-04 6.175892945761392912e-04
3.930830491960455838e-04 7.284562064088625968e-04 7.284562064088625968e-04 6.135814007120578067e-04 6.135814007120578067e-04 6.135814007120578067e-04 6.135814007120578067e-04 6.135814007120578067e-04
3.821593167082468928e-04 7.089566871737014659e-04 7.089566871737014659e-04 6.095652509283390431e-04 6.095652509283390431e-04 6.095652509283390431e-04 6.095652509283390431e-04 6.095652509283390431e-04
3.712393735094560989e-04 6.896828335219334959e-04 6.896828335219334959e-04 6.055419857750793172e-04 6.055419857750793172e-04 6.055419857750793172e-04 6.055419857750793172e-04 6.055419857750793172e-04
3.603406929160748963e-04 6.706466812997912167e-04 6.706466812997912167e-04 6.015127102693332674e-04 6.015127102693332674e-04 6.015127102693332674e-04 6.015127102693332674e-04 6.015127102693332674e-04
3.494801494430422456e-04 6.518594407137603746e-04 6.518594407137603746e-04 5.974784948529155088e-04 5.974784948529155088e-04 5.974784948529155088e-04 5.974784948529155088e-04 5.974784948529155088e-04
3.386739865472447771e-04 6.333315100670484921e-04 6.333315100670484921e-04 5.934403763233625376e-04 5.934403763233625376e-04 5.934403763233625376e-04 5.934403763233625376e-04 5.934403763233625376e-04
3.279377877251719712e-04 6.150724907126019908e-04 6.150724907126019908e-04 5.893993587389167186e-04 5.893993587389167186e-04 5.893993587389167186e-04 5.893993587389167186e-04 5.893993587389167186e-04
3.172864509867632447e-04 5.970912031263983033e-04 5.970912031263983033e-04 5.853564142983486498e-04 5.853564142983486498e-04 5.853564142983486498e-04 5.853564142983486498e-04 5.853564142983486498e-04
3.067341667098174673e-04 5.793957040062147797e-04 5.793957040062147797e-04 5.813124841964177223e-04 5.813124841964177223e-04 5.813124841964177223e-04 5.813124841964177223e-04 5.813124841964177223e-04
2.962943988622451048e-04 5.619933043027865258e-04 5.619933043027865258e-04 5.772684794557316574e-04 5.772684794557316574e-04 5.772684794557316574e-04 5.772684794557316574e-04 5.772684794557316574e-04
2.859798695629449860e-04 5.448905880921732893e-04 5.448905880921732893e-04 5.732252817357354506e-04 5.732252817357354506e-04 5.732252817357354506e-04 5.732252817357354506e-04 5.732252817357354506e-04
2.758025469362570940e-04 5.280934322002768565e-04 5.280934322002768565e-04 5.691837441195456192e-04 5.691837441195456192e-04 5.691837441195456192e-04 5.691837441195456192e-04 5.691837441195456192e-04
2.657736361998670033e-04 5.116070264927164097e-04 5.116070264927164097e-04 5.651446918793028278e-04 5.651446918793028278e-04 5.651446918793028278e-04 5.651446918793028278e-04 5.651446918793028278e-04
2.559035739117842862e-04 4.954358947457178537e-04 4.954358947457178537e-04 5.611089232207027355e-04 5.611089232207027355e-04 5.611089232207027355e-04 5.611089232207027355e-04 5.611089232207027355e-04
2.462020252886623303e-04 4.795839160162466931e-04 4.795839160162466931e-04 5.570772100073386737e-04 5.570772100073386737e-04 5.570772100073386737e-04 5.570772100073386737e-04 5.570772100073386737e-04
2.366778844953082103e-04 4.640543464323176599e-04 4.640543464323176599e-04 5.530502984654647172e-04 5.530502984654647172e-04 5.530502984654647172e-04 5.530502984654647172e-04 5.530502984654647172e-04
2.273392777938183979e-04 4.488498413272270951e-04 4.488498413272270951e-04 5.490289098697680864e-04 5.490289098697680864e-04 5.490289098697680864e-04 5.490289098697680864e-04 5.490289098697680864e-04
2.181935694303920156e-04 4.339724776443602871e-04 4.339724776443602871e-04 5.450137412107159676e-04 5.450137412107159676e-04 5.450137412107159676e-04 5.450137412107159676e-04 5.450137412107159676e-04
2.092473701285599871e-04 4.194237765422064454e-04 4.194237765422064454e-04 5.410054658440307781e-04 5.410054658440307781e-04 5.410054658440307781e-04 5.410054658440307781e-04 5.410054658440307781e-04
2.005065480493396150e-04 4.052047261322621122e-04 4.052047261322621122e-04 5.370047341228128841e-04 5.370047341228128841e-04 5.370047341228128841e-04 5.370047341228128841e-04 5.370047341228128841e-04
1.919762420717023978e-04 3.913158042856064206e-04 3.913158042856064206e-04 5.330121740128296705e-04 5.330121740128296705e-04 5.330121740128296705e-04 5.330121740128296705e-04 5.330121740128296705e-04
1.836608772407301033e-04 3.777570014470607281e-04 3.777570014470607281e-04 5.290283916914592871e-04 5.290283916914592871e-04 5.290283916914592871e-04 5.290283916914592871e-04 5.290283916914592871e-04
1.755641822259230056e-04 3.645278433990077659e-04 3.645278433990077659e-04 5.250539721307643853e-04 5.250539721307643853e-04 5.250539721307643853e-04 5.250539721307643853e-04 5.250539721307643853e-04
1.676892086283170147e-04 3.516274139201163080e-04 3.516274139201163080e-04 5.210894796651588000e-04 5.210894796651588000e-04 5.210894796651588000e-04 5.210894796651588000e-04 5.210894796651588000e-04
1.600383519723327236e-04 3.390543772873909822e-04 3.390543772873909822e-04 5.171354585441090973e-04 5.171354585441090973e-04 5.171354585441090973e-04 5.171354585441090973e-04 5.171354585441090973e-04
1.526133742166032995e-04 3.268070005731280557e-04 3.268070005731280557e-04 5.131924334703000072e-04 5.131924334703000072e-04 5.131924334703000072e-04 5.131924334703000072e-04 5.131924334703000072e-04
1.454154276173757836e-04 3.148831756915028098e-04 3.148831756915028098e-04 5.092609101236820254e-04 5.092609101236820254e-04 5.092609101236820254e-04 5.092609101236820254e-04 5.092609101236820254e-04
1.384450797784127511e-04 3.032804411526225804e-04 3.032804411526225804e-04 5.053413756717999548e-04 5.053413756717999548e-04 5.053413756717999548e-04 5.053413756717999548e-04 5.053413756717999548e-04
1.317023397226006168e-04 2.919960034849599208e-04 2.919960034849599208e-04 5.014342992667903147e-04 5.014342992667903147e-04 5.014342992667903147e-04 5.014342992667903147e-04 5.014342992667903147e-04
1.251866848226424183e-04 2.810267582901028308e-04 2.810267582901028308e-04 4.975401325294257849e-04 4.975401325294257849e-04 4.975401325294257849e-04 4.975401325294257849e-04 4.975401325294257849e-04
1.188970884312350013e-04 2.703693108967328501e-04 2.703693108967328501e-04 4.936593100205705466e-04 4.936593100205705466e-04 4.936593100205705466e-04 4.936593100205705466e-04 4.936593100205705466e-04
1.128320480549314871e-04 2.600199965836572373e-04 2.600199965836572373e-04 4.897922497003942208e-04 4.897922497003942208e-04 4.897922497003942208e-04 4.897922497003942208e-04 4.897922497003942208e-04
1.069896139204305394e-04 2.499749003445562632e-04 2.499749003445562632e-04 4.859393533756888018e-04 4.859393533756888018e-04 4.859393533756888018e-04 4.859393533756888018e-04 4.859393533756888018e-04
1.013674177872315345e-04 2.402298761698879240e-04 2.402298761698879240e-04 4.821010071356189434e-04 4.821010071356189434e-04 4.821010071356189434e-04 4.821010071356189434e-04 4.821010071356189434e-04
9.596270186640235933e-05 2.307805658240743717e-04 2.307805658240743717e-04 4.782775817762222373e-04 4.782775817762222373e-04 4.782775817762222373e-04 4.782775817762222373e-04 4.782775817762222373e-04
9.077234771154795399e-05 2.216224170987038963e-04 2.216224170987038963e-04 4.744694332139697836e-04 4.744694332139697836e-04 4.744694332139697836e-04 4.744694332139697836e-04 4.744694332139697836e-04
8.579290495488268520e-05 2.127507015250090306e-04 2.127507015250090306e-04 4.706769028886881355e-04 4.706769028886881355e-04 4.706769028886881355e-04 4.706769028886881355e-04 4.706769028886881355e-04
8.102061976852578673e-05 2.041605315312995759e-04 2.041605315312995759e-04 4.669003181561326974e-04 4.669003181561326974e-04 4.669003181561326974e-04 4.669003181561326974e-04 4.669003181561326974e-04
7.645146293869577723e-05 1.958468770333758905e-04 1.958468770333758905e-04 4.631399926704915407e-04 4.631399926704915407e-04 4.631399926704915407e-04 4.631399926704915407e-04 4.631399926704915407e-04
7.208115744831052323e-05 1.878045814481824549e-04 1.878045814481824549e-04 4.593962267570961635e-04 4.593962267570961635e-04 4.593962267570961635e-04 4.593962267570961635e-04 4.593962267570961635e-04
6.790520547153095160e-05 1.800283771230989352e-04 1.800283771230989352e-04 4.556693077756020596e-04 4.556693077756020596e-04 4.556693077756020596e-04 4.556693077756020596e-04 4.556693077756020596e-04
6.391891469197150501e-05 1.725129001753173883e-04 1.725129001753173883e-04 4.519595104738936657e-04 4.519595104738936657e-04 4.519595104738936657e-04 4.519595104738936657e-04 4.519595104738936657e-04
6.011742386456249502e-05 1.652527047376861321e-04 1.652527047376861321e-04 4.482670973329658747e-04 4.482670973329658747e-04 4.482670973329658747e-04 4.482670973329658747e-04 4.482670973329658747e-04
5.649572754934104518e-05 1.582422766092467454e-04 1.582422766092467454e-04 4.445923189030225346e-04 4.445923189030225346e-04 4.445923189030225346e-04 4.445923189030225346e-04 4.445923189030225346e-04
5.304869995370821201e-05 1.514760463104245414e-04 1.514760463104245414e-04 4.409354141310220022e-04 4.409354141310220022e-04 4.409354141310220022e-04 4.409354141310220022e-04 4.409354141310220022e-04
4.977111782786647722e-05 1.449484015444762130e-04 1.449484015444762130e-04 4.372966106799030714e-04 4.372966106799030714e-04 4.372966106799030714e-04 4.372966106799030714e-04 4.372966106799030714e-04
4.665768236620075219e-05 1.386536990683261508e-04 1.386536990683261508e-04 4.336761252397074119e-04 4.336761252397074119e-04 4.336761252397074119e-04 4.336761252397074119e-04 4.336761252397074119e-04
4.370304007523478869e-05 1.325862759773712666e-04 1.325862759773712666e-04 4.300741638308128644e-04 4.300741638308128644e-04 4.300741638308128644e-04 4.300741638308128644e-04 4.300741638308128644e-04
4.090180257644624693e-05 1.267404604101605135e-04 1.267404604101605135e-04 4.264909220994872246e-04 4.264909220994872246e-04 4.264909220994872246e-04 4.264909220994872246e-04 4.264909220994872246e-04
3.824856531961900162e-05 1.211105816801047696e-04 1.211105816801047696e-04 4.229265856059611934e-04 4.229265856059611934e-04 4.229265856059611934e-04 4.229265856059611934e-04 4.229265856059611934e-04
3.573792518951514200e-05 1.156909798425162321e-04 1.156909798425162321e-04 4.193813301052191759e-04 4.193813301052191759e-04 4.193813301052191759e-04 4.193813301052191759e-04 4.193813301052191759e-04
3.336449699543386961e-05 1.104760147063272923e-04 1.104760147063272923e-04 4.158553218206937599e-04 4.158553218206937599e-04 4.158553218206937599e-04 4.158553218206937599e-04 4.158553218206937599e-04
3.112292883966145301e-05 1.054600743008016461e-04 1.054600743008016461e-04 4.123487177110555070e-04 4.123487177110555070e-04 4.123487177110555070e-04 4.123487177110555070e-04 4.123487177110555070e-04
2.900791636688702645e-05 1.006375828084213477e-04 1.006375828084213477e-04 4.088616657302671922e-04 4.088616657302671922e-04 4.088616657302671922e-04 4.088616657302671922e-04 4.088616657302671922e-04
2.701421590234294240e-05 9.600300797592121560e-05 9.600300797592121560e-05 4.053943050810876730e-04 4.053943050810876730e-04 4.053943050810876730e-04 4.053943050810876730e-04 4.053943050810876730e-04
2.513665649171248438e-05 9.155086801614178190e-05 9.155086801614178190e-05 4.019467664621850919e-04 4.019467664621850919e-04 4.019467664621850919e-04 4.019467664621850919e-04 4.019467664621850919e-04
2.337015086072175712e-05 8.727573801399534162e-05 8.727573801399534162e-05 3.985191723090307156e-04 3.985191723090307156e-04 3.985191723090307156e-04 3.985191723090307156e-04 3.985191723090307156e-04
2.170970531679006837e-05 8.317225585038266452e-05 8.317225585038266452e-05 3.951116370287285060e-04 3.951116370287285060e-04 3.951116370287285060e-04 3.951116370287285060e-04 3.951116370287285060e-04
2.015042861915113944e-05 7.923512765836598416e-05 7.923512765836598416e-05 3.917242672289389339e-04 3.917242672289389339e-04 3.917242672289389339e-04 3.917242672289389339e-04 3.917242672289389339e-04
1.868753984747424489e-05 7.545913282630203759e-05 7.545913282630203759e-05 3.883571619410457329e-04 3.883571619410457329e-04 3.883571619410457329e-04 3.883571619410457329e-04 3.883571619410457329e-04
1.731637530221667051e-05 7.183912856296658885e-05 7.183912856296658885e-05 3.850104128377146179e-04 3.850104128377146179e-04 3.850104128377146179e-04 3.850104128377146179e-04 3.850104128377146179e-04
1.603239447272899242e-05 6.837005403996580495e-05 6.837005403996580495e-05 3.816841044449833967e-04 3.816841044449833967e-04 3.816841044449833967e-04 3.816841044449833967e-04 3.816841044449833967e-04
1.483118511152349206e-05 6.504693412692931888e-05 6.504693412692931888e-05 3.783783143490250154e-04 3.783783143490250154e-04 3.783783143490250154e-04 3.783783143490250154e-04 3.783783143490250154e-04
1.370846745511404231e-05 6.186488273512528730e-05 6.186488273512528730e-05 3.750931133977193372e-04 3.750931133977193372e-04 3.750931133977193372e-04 3.750931133977193372e-04 3.750931133977193372e-04
1.266009763345604203e-05 5.881910578522015653e-05 5.881910578522015653e-05 3.718285658971596901e-04 3.718285658971596901e-04 3.718285658971596901e-04 3.718285658971596901e-04 3.718285658971596901e-04
1.168207031127238453e-05 5.590490381494478005e-05 5.590490381494478005e-05 3.685847298032284632e-04 3.685847298032284632e-04 3.685847298032284632e-04 3.685847298032284632e-04 3.685847298032284632e-04
1.077052060546298709e-05 5.311767424241012662e-05 5.311767424241012662e-05 3.653616569083606349e-04 3.653616569083606349e-04 3.653616569083606349e-04 3.653616569083606349e-04 3.653616569083606349e-04
9.921725323379739138e-06 5.045291330075774526e-05 5.045291330075774526e-05 3.621593930236195356e-04 3.621593930236195356e-04 3.621593930236195356e-04 3.621593930236195356e-04 3.621593930236195356e-04
9.132103567023121574e-06 4.790621765972544676e-05 4.790621765972544676e-05 3.589779781562003132e-04 3.589779781562003132e-04 3.589779781562003132e-04 3.589779781562003132e-04 3.589779781562003132e-04
8.398216748204735162e-06 4.547328574956718632e-05 4.547328574956718632e-05 3.558174466824755929e-04 3.558174466824755929e-04 3.558174466824755929e-04 3.558174466824755929e-04 3.558174466824755929e-04
7.716768059438540965e-06 4.314991880258425730e-05 4.314991880258425730e-05 3.526778275166970642e-04 3.526778275166970642e-04 3.526778275166970642e-04 3.526778275166970642e-04 3.526778275166970642e-04
7.084601444797642934e-06 4.093202162731415035e-05 4.093202162731415035e-05 3.495591442754577833e-04 3.495591442754577833e-04 3.495591442754577833e-04 3.495591442754577833e-04 3.495591442754577833e-04
6.498700114222151670e-06 3.881560313017805053e-05 3.881560313017805053e-05 3.464614154380226351e-04 3.464614154380226351e-04 3.464614154380226351e-04 3.464614154380226351e-04 3.464614154380226351e-04
5.956184643810381113e-06 3.679677659911591829e-05 3.679677659911591829e-05 3.433846545026303875e-04 3.433846545026303875e-04 3.433846545026303875e-04 3.433846545026303875e-04 3.433846545026303875e-04
5.454310703490356681e-06 3.487175976344182197e-05 3.487175976344182197e-05 3.403288701388650799e-04 3.403288701388650799e-04 3.403288701388650799e-04 3.403288701388650799e-04 3.403288701388650799e-04
4.990466452174749434e-06 3.303687464383132645e-05 3.303687464383132645e-05 3.372940663361953528e-04 3.372940663361953528e-04 3.372940663361953528e-04 3.372940663361953528e-04 3.372940663361953528e-04
4.562169639068789030e-06 3.128854720601299420e-05 3.128854720601299420e-05 3.342802425487764783e-04 3.342802425487764783e-04 3.342802425487764783e-04 3.342802425487764783e-04 3.342802425487764783e-04
4.167064448249240379e-06 2.962330683137923072e-05 2.962330683137923072e-05 3.312873938366077907e-04 3.312873938366077907e-04 3.312873938366077907e-04 3.312873938366077907e-04 3.312873938366077907e-04
3.802918121982036052e-06 2.803778561735773770e-05 2.803778561735773770e-05 3.283155110031327423e-04 3.283155110031327423e-04 3.283155110031327423e-04 3.283155110031327423e-04 3.283155110031327423e-04
3.467617396516052336e-06 2.652871751999890206e-05 2.652871751999890206e-05 3.253645807293740100e-04 3.253645807293740100e-04 3.253645807293740100e-04 3.253645807293740100e-04 3.253645807293740100e-04
3.159164782298342907e-06 2.509293735083848478e-05 2.509293735083848478e-05 3.224345857046823690e-04 3.224345857046823690e-04 3.224345857046823690e-04 3.224345857046823690e-04 3.224345857046823690e-04
2.875674718718995695e-06 2.372737963968703898e-05 2.372737963968703898e-05 3.195255047541892116e-04 3.195255047541892116e-04 3.195255047541892116e-04 3.195255047541892116e-04 3.195255047541892116e-04
2.615369631628343054e-06 2.242907737458639455e-05 2.242907737458639455e-05 3.166373129630375223e-04 3.166373129630375223e-04 3.166373129630375223e-04 3.166373129630375223e-04 3.166373129630375223e-04
2.376575919989043351e-06 2.119516062975366892e-05 2.119516062975366892e-05 3.137699817974751713e-04 3.137699817974751713e-04 3.137699817974751713e-04 3.137699817974751713e-04 3.137699817974751713e-04
2.157719896146068576e-06 2.002285509191207153e-05 2.002285509191207153e-05 3.109234792228827895e-04 3.109234792228827895e-04 3.109234792228827895e-04 3.109234792228827895e-04 3.109234792228827895e-04
1.957323702329986767e-06 1.890948049498413427e-05 1.890948049498413427e-05 3.080977698188145579e-04 3.080977698188145579e-04 3.080977698188145579e-04 3.080977698188145579e-04 3.080977698188145579e-04
1.774001224165928748e-06 1.785244897269793878e-05 1.785244897269793878e-05 3.052928148911234147e-04 3.052928148911234147e-04 3.052928148911234147e-04 3.052928148911234147e-04 3.052928148911234147e-04
1.606454020151545907e-06 1.684926333823391363e-05 1.684926333823391363e-05 3.025085725812399606e-04 3.025085725812399606e-04 3.025085725812399606e-04 3.025085725812399606e-04 3.025085725812399606e-04
1.453467284302450106e-06 1.589751529961908321e-05 1.589751529961908321e-05 2.997449979726784629e-04 2.997449979726784629e-04 2.997449979726784629e-04 2.997449979726784629e-04 2.997449979726784629e-04
0.000000000000000000e+00 1.499488361915710786e-05 1.499488361915710786e-05 2.970020431948331677e-04 2.970020431948331677e-04 2.970020431948331677e-04 2.970020431948331677e-04 2.970020431948331677e-04
0.000000000000000000e+00 1.413913222476915660e-05 1.413913222476915660e-05 2.942796575241329524e-04 2.942796575241329524e-04 2.942796575241329524e-04 2.942796575241329524e-04 2.942796575241329524e-04
0.000000000000000000e+00 1.332810828071423586e-05 1.332810828071423586e-05 2.915777874826183972e-04 2.915777874826183972e-04 2.915777874826183972e-04 2.915777874826183972e-04 2.915777874826183972e-04
0.000000000000000000e+00 1.255974022475418926e-05 1.255974022475418926e-05 2.888963769340018809e-04 2.888963769340018809e-04 2.888963769340018809e-04 2.888963769340018809e-04 2.888963769340018809e-04
0.000000000000000000e+00 1.183203577843690589e-05 1.183203577843690589e-05 2.862353671772746686e-04 2.862353671772746686e-04 2.862353671772746686e-04 2.862353671772746686e-04 2.862353671772746686e-04
0.000000000000000000e+00 1.114307993678285172e-05 1.114307993678285172e-05 2.835946970379175339e-04 2.835946970379175339e-04 2.835946970379175339e-04 2.835946970379175339e-04 2.835946970379175339e-04
0.000000000000000000e+00 1.049103294328517458e-05 1.049103294328517458e-05 2.809743029567745459e-04 2.809743029567745459e-04 2.809743029567745459e-04 2.809743029567745459e-04 2.809743029567745459e-04
0.000000000000000000e+00 9.874128255762846070e-06 9.874128255762846070e-06 2.783741190766452606e-04 2.783741190766452606e-04 2.783741190766452606e-04 2.783741190766452606e-04 2.783741190766452606e-04
0.000000000000000000e+00 9.290670508250975016e-06 9.290670508250975016e-06 2.757940773266519133e-04 2.757940773266519133e-04 2.757940773266519133e-04 2.757940773266519133e-04 2.757940773266519133e-04
0.000000000000000000e+00 8.739033473761167816e-06 8.739033473761167816e-06 2.732341075044331644e-04 2.732341075044331644e-04 2.732341075044331644e-04 2.732341075044331644e-04 2.732341075044331644e-04
0.000000000000000000e+00 8.217658032410408978e-06 8.217658032410408978e-06 2.706941373562195318e-04 2.706941373562195318e-04 2.706941373562195318e-04 2.706941373562195318e-04 2.706941373562195318e-04
0.000000000000000000e+00 7.725050149087595339e-06 7.725050149087595339e-06 2.681740926548382129e-04 2.681740926548382129e-04 2.681740926548382129e-04 2.681740926548382129e-04 2.681740926548382129e-04
0.000000000000000000e+00 7.259778864513525500e-06 7.259778864513525500e-06 2.656738972756997200e-04 2.656738972756997200e-04 2.656738972756997200e-04 2.656738972756997200e-04 2.656738972756997200e-04
0.000000000000000000e+00 6.820474303244893133e-06 6.820474303244893133e-06 2.631934732708154944e-04 2.631934732708154944e-04 2.631934732708154944e-04 2.631934732708154944e-04 2.631934732708154944e-04
0.000000000000000000e+00 6.405825701880381155e-06 6.405825701880381155e-06 2.607327409408881358e-04 2.607327409408881358e-04 2.607327409408881358e-04 2.607327409408881358e-04 2.607327409408881358e-04
0.000000000000000000e+00 6.014579460446693421e-06 6.014579460446693421e-06 2.582916189055307313e-04 2.582916189055307313e-04 2.582916189055307313e-04 2.582916189055307313e-04 2.582916189055307313e-04
0.000000000000000000e+00 5.645537219671714919e-06 5.645537219671714919e-06 2.558700241716483541e-04 2.558700241716483541e-04 2.558700241716483541e-04 2.558700241716483541e-04 2.558700241716483541e-04
0.000000000000000000e+00 5.297553966595830914e-06 5.297553966595830914e-06 2.534678722000367540e-04 2.534678722000367540e-04 2.534678722000367540e-04 2.534678722000367540e-04 2.534678722000367540e-04
0.000000000000000000e+00 4.969536170724719847e-06 4.969536170724719847e-06 2.510850769702317417e-04 2.510850769702317417e-04 2.510850769702317417e-04 2.510850769702317417e-04 2.510850769702317417e-04
0.000000000000000000e+00 4.660439952693766113e-06 4.660439952693766113e-06 2.487215510436596288e-04 2.487215510436596288e-04 2.487215510436596288e-04 2.487215510436596288e-04 2.487215510436596288e-04
0.000000000000000000e+00 4.369269287189829304e-06 4.369269287189829304e-06 2.463772056251216824e-04 2.463772056251216824e-04 2.463772056251216824e-04 2.463772056251216824e-04 2.463772056251216824e-04
0.000000000000000000e+00 4.095074241665285114e-06 4.095074241665285114e-06 2.440519506226587819e-04 2.440519506226587819e-04 2.440519506226587819e-04 2.440519506226587819e-04 2.440519506226587819e-04
0.000000000000000000e+00 3.836949252177455940e-06 3.836949252177455940e-06 2.417456947058312967e-04 2.417456947058312967e-04 2.417456947058312967e-04 2.417456947058312967e-04 2.417456947058312967e-04
0.000000000000000000e+00 0.000000000000000000e+00 0.000000000000000000e+00 2.394583453624540045e-04 2.394583453624540045e-04 2.394583453624540045e-04 2.394583453624540045e-04 2.394583453624540045e-04
0.000000000000000000e+00 0.000000000000000000e+00 0.000000000000000000e+00 2.371898089538218254e-04 2.371898089538218254e-04 2.371898089538218254e-04 2.371898089538218254e-04 2.371898089538218254e-04
0.000000000000000000e+00 0.000000000000000000e+00 0.000000000000000000e+00 2.349399907684633193e-04 2.349399907684633193e-04 2.349399907684633193e-04 2.349399907684633193e-04 2.349399907684633193e-04
0.000000000000000000e+00 0.000000000000000000e+00 0.000000000000000000e+00 2.327087950744576961e-04 2.327087950744576961e-04 2.327087950744576961e-04 2.327087950744576961e-04 2.327087950744576961e-04
0.000000000000000000e+00 0.000000000000000000e+00 0.000000000000000000e+00 2.304961251703484617e-04 2.304961251703484617e-04 2.304961251703484617e-04 2.304961251703484617e-04 2.304961251703484617e-04
0.000000000000000000e+00 0.000000000000000000e+00 0.000000000000000000e+00 2.283018834346873377e-04 2.283018834346873377e-04 2.283018834346873377e-04 2.283018834346873377e-04 2.283018834346873377e-04
0.000000000000000000e+00 0.000000000000000000e+00 0.000000000000000000e+00 2.261259713742439067e-04 2.261259713742439067e-04 2.261259713742439067e-04 2.261259713742439067e-04 2.261259713742439067e-04
0.000000000000000000e+00 0.000000000000000000e+00 0.000000000000000000e+00 2.239682896709072773e-04 2.239682896709072773e-04 2.239682896709072773e-04 2.239682896709072773e-04 2.239682896709072773e-04
0.000000000000000000e+00 0.000000000000000000e+00 0.000000000000000000e+00 2.218287382273193670e-04 2.218287382273193670e-04 2.218287382273193670e-04 2.218287382273193670e-04 2.218287382273193670e-04
0.000000000000000000e+00 0.000000000000000000e+00 0.000000000000000000e+00 2.197072162112607573e-04 2.197072162112607573e-04 2.197072162112607573e-04 2.197072162112607573e-04 2.197072162112607573e-04
0.000000000000000000e+00 0.000000000000000000e+00 0.000000000000000000e+00 2.176036220988271201e-04 2.176036220988271201e-04 2.176036220988271201e-04 2.176036220988271201e-04 2.176036220988271201e-04
0.000000000000000000e+00 0.000000000000000000e+00 0.000000000000000000e+00 2.155178537164208024e-04 2.155178537164208024e-04 2.155178537164208024e-04 2.155178537164208024e-04 2.155178537164208024e-04
0.000000000000000000e+00 0.000000000000000000e+00 0.000000000000000000e+00 2.134498082815853486e-04 2.134498082815853486e-04 2.134498082815853486e-04 2.134498082815853486e-04 2.134498082815853486e-04
0.000000000000000000e+00 0.000000000000000000e+00 0.000000000000000000e+00 2.113993824427154900e-04 2.113993824427154900e-04 2.113993824427154900e-04 2.113993824427154900e-04 2.113993824427154900e-04
0.000000000000000000e+00 0.000000000000000000e+00 0.000000000000000000e+00 2.093664723176630088e-04 2.093664723176630088e-04 2.093664723176630088e-04 2.093664723176630088e-04 2.093664723176630088e-04
0.000000000000000000e+00 0.000000000000000000e+00 0.000000000000000000e+00 2.073509735312708147e-04 2.073509735312708147e-04 2.073509735312708147e-04 2.073509735312708147e-04 2.073509735312708147e-04
0.000000000000000000e+00 0.000000000000000000e+00 0.000000000000000000e+00 2.053527812518570795e-04 2.053527812518570795e-04 2.053527812518570795e-04 2.053527812518570795e-04 2.053527812518570795e-04
0.000000000000000000e+00 0.000000000000000000e+00 0.000000000000000000e+00 2.033717902266764547e-04 2.033717902266764547e-04 2.033717902266764547e-04 2.033717902266764547e-04 2.033717902266764547e-04
0.000000000000000000e+00 0.000000000000000000e+00 0.000000000000000000e+00 2.014078948163820879e-04 2.014078948163820879e-04 2.014078948163820879e-04 2.014078948163820879e-04 2.014078948163820879e-04
0.000000000000000000e+00 0.000000000000000000e+00 0.000000000000000000e+00 1.994609890285136463e-04 1.994609890285136463e-04 1.994609890285136463e-04 1.994609890285136463e-04 1.994609890285136463e-04
0.000000000000000000e+00 0.000000000000000000e+00 0.000000000000000000e+00 1.975309665500330858e-04 1.975309665500330858e-04 1.975309665500330858e-04 1.975309665500330858e-04 1.975309665500330858e-04
0.000000000000000000e+00 0.000000000000000000e+00 0.000000000000000000e+00 1.956177207789317732e-04 1.956177207789317732e-04 1.956177207789317732e-04 1.956177207789317732e-04 1.956177207789317732e-04
0.000000000000000000e+00 0.000000000000000000e+00 0.000000000000000000e+00 1.937211448549320831e-04 1.937211448549320831e-04 1.937211448549320831e-04 1.937211448549320831e-04 1.937211448549320831e-04
0.000000000000000000e+00 0.000000000000000000e+00 0.000000000000000000e+00 1.918411316893045299e-04 1.918411316893045299e-04 1.918411316893045299e-04 1.918411316893045299e-04 1.918411316893045299e-04
0.000000000000000000e+00 0.000000000000000000e+00 0.000000000000000000e+00 1.899775739938210073e-04 1.899775739938210073e-04 1.899775739938210073e-04 1.899775739938210073e-04 1.899775739938210073e-04
0.000000000000000000e+00 0.000000000000000000e+00 0.000000000000000000e+00 1.881303643088667139e-04 1.881303643088667139e-04 1.881303643088667139e-04 1.881303643088667139e-04 1.881303643088667139e-04
0.000000000000000000e+00 0.000000000000000000e+00 0.000000000000000000e+00 1.862993950307292510e-04 1.862993950307292510e-04 1.862993950307292510e-04 1.862993950307292510e-04 1.862993950307292510e-04
0.000000000000000000e+00 0.000000000000000000e+00 0.000000000000000000e+00 1.844845584380864405e-04 1.844845584380864405e-04 1.844845584380864405e-04 1.844845584380864405e-04 1.844845584380864405e-04
0.000000000000000000e+00 0.000000000000000000e+00 0.000000000000000000e+00 1.826857467177103733e-04 1.826857467177103733e-04 1.826857467177103733e-04 1.826857467177103733e-04 1.826857467177103733e-04
0.000000000000000000e+00 0.000000000000000000e+00 0.000000000000000000e+00 1.809028519894087213e-04 1.809028519894087213e-04 1.809028519894087213e-04 1.809028519894087213e-04 1.809028519894087213e-04
0.000000000000000000e+00 0.000000000000000000e+00 0.000000000000000000e+00 1.791357663302194678e-04 1.791357663302194678e-04 1.791357663302194678e-04 1.791357663302194678e-04 1.791357663302194678e-04
0.000000000000000000e+00 0.000000000000000000e+00 0.000000000000000000e+00 1.773843817978795203e-04 1.773843817978795203e-04 1.773843817978795203e-04 1.773843817978795203e-04 1.773843817978795203e-04
0.000000000000000000e+00 0.000000000000000000e+00 0.000000000000000000e+00 1.756485904535830093e-04 1.756485904535830093e-04 1.756485904535830093e-04 1.756485904535830093e-04 1.756485904535830093e-04
0.000000000000000000e+00 0.000000000000000000e+00 0.000000000000000000e+00 1.739282843840467534e-04 1.739282843840467534e-04 1.739282843840467534e-04 1.739282843840467534e-04 1.739282843840467534e-04
0.000000000000000000e+00 0.000000000000000000e+00 0.000000000000000000e+00 1.722233557229012704e-04 1.722233557229012704e-04 1.722233557229012704e-04 1.722233557229012704e-04 1.722233557229012704e-04
0.000000000000000000e+00 0.000000000000000000e+00 0.000000000000000000e+00 1.705336966714207766e-04 1.705336966714207766e-04 1.705336966714207766e-04 1.705336966714207766e-04 1.705336966714207766e-04
0.000000000000000000e+00 0.000000000000000000e+00 0.000000000000000000e+00 1.688591995186123696e-04 1.688591995186123696e-04 1.688591995186123696e-04 1.688591995186123696e-04 1.688591995186123696e-04
0.000000000000000000e+00 0.000000000000000000e+00 0.000000000000000000e+00 1.671997566606752339e-04 1.671997566606752339e-04 1.671997566606752339e-04 1.671997566606752339e-04 1.671997566606752339e-04
0.000000000000000000e+00 0.000000000000000000e+00 0.000000000000000000e+00 1.655552606198497400e-04 1.655552606198497400e-04 1.655552606198497400e-04 1.655552606198497400e-04 1.655552606198497400e-04
0.000000000000000000e+00 0.000000000000000000e+00 0.000000000000000000e+00 1.639256040626677112e-04 1.639256040626677112e-04 1.639256040626677112e-04 1.639256040626677112e-04 1.639256040626677112e-04
0.000000000000000000e+00 0.000000000000000000e+00 0.000000000000000000e+00 1.623106798176211243e-04 1.623106798176211243e-04 1.623106798176211243e-04 1.623106798176211243e-04 1.623106798176211243e-04
0.000000000000000000e+00 0.000000000000000000e+00 0.000000000000000000e+00 1.607103808922622000e-04 1.607103808922622000e-04 1.607103808922622000e-04 1.607103808922622000e-04 1.607103808922622000e-04
0.000000000000000000e+00 0.000000000000000000e+00 0.000000000000000000e+00 1.591246004897489794e-04 1.591246004897489794e-04 1.591246004897489794e-04 1.591246004897489794e-04 1.591246004897489794e-04
0.000000000000000000e+00 0.000000000000000000e+00 0.000000000000000000e+00 1.575532320248492586e-04 1.575532320248492586e-04 1.575532320248492586e-04 1.575532320248492586e-04 1.575532320248492586e-04
0.000000000000000000e+00 0.000000000000000000e+00 0.000000000000000000e+00 1.559961691394193912e-04 1.559961691394193912e-04 1.559961691394193912e-04 1.559961691394193912e-04 1.559961691394193912e-04
0.000000000000000000e+00 0.000000000000000000e+00 0.000000000000000000e+00 1.544533057173659530e-04 1.544533057173659530e-04 1.544533057173659530e-04 1.544533057173659530e-04 1.544533057173659530e-04
0.000000000000000000e+00 0.000000000000000000e+00 0.000000000000000000e+00 1.529245358991069930e-04 1.529245358991069930e-04 1.529245358991069930e-04 1.529245358991069930e-04 1.529245358991069930e-04
0.000000000000000000e+00 0.000000000000000000e+00 0.000000000000000000e+00 1.514097540955433336e-04 1.514097540955433336e-04 1.514097540955433336e-04 1.514097540955433336e-04 1.514097540955433336e-04
0.000000000000000000e+00 0.000000000000000000e+00 0.000000000000000000e+00 1.499088550015539065e-04 1.499088550015539065e-04 1.499088550015539065e-04 1.499088550015539065e-04 1.499088550015539065e-04
0.000000000000000000e+00 0.000000000000000000e+00 0.000000000000000000e+00 1.484217336090232274e-04 1.484217336090232274e-04 1.484217336090232274e-04 1.484217336090232274e-04 1.484217336090232274e-04
0.000000000000000000e+00 0.000000000000000000e+00 0.000000000000000000e+00 1.469482852194168405e-04 1.469482852194168405e-04 1.469482852194168405e-04 1.469482852194168405e-04 1.469482852194168405e-04
0.000000000000000000e+00 0.000000000000000000e+00 0.000000000000000000e+00 1.454884054559138116e-04 1.454884054559138116e-04 1.454884054559138116e-04 1.454884054559138116e-04 1.454884054559138116e-04
0.000000000000000000e+00 0.000000000000000000e+00 0.000000000000000000e+00 1.440419902751074652e-04 1.440419902751074652e-04 1.440419902751074652e-04 1.440419902751074652e-04 1.440419902751074652e-04
0.000000000000000000e+00 0.000000000000000000e+00 0.000000000000000000e+00 1.426089359782851799e-04 1.426089359782851799e-04 1.426089359782851799e-04 1.426089359782851799e-04 1.426089359782851799e-04
0.000000000000000000e+00 0.000000000000000000e+00 0.000000000000000000e+00 1.411891392222974610e-04 1.411891392222974610e-04 1.411891392222974610e-04 1.411891392222974610e-04 1.411891392222974610e-04
0.000000000000000000e+00 0.000000000000000000e+00 0.000000000000000000e+00 1.397824970300289211e-04 1.397824970300289211e-04 1.397824970300289211e-04 1.397824970300289211e-04 1.397824970300289211e-04
0.000000000000000000e+00 0.000000000000000000e+00 0.000000000000000000e+00 1.383889068004769693e-04 1.383889068004769693e-04 1.383889068004769693e-04 1.383889068004769693e-04 1.383889068004769693e-04
0.000000000000000000e+00 0.000000000000000000e+00 0.000000000000000000e+00 1.370082663184517616e-04 1.370082663184517616e-04 1.370082663184517616e-04 1.370082663184517616e-04 1.370082663184517616e-04
0.000000000000000000e+00 0.000000000000000000e+00 0.000000000000000000e+00 1.356404737639054349e-04 1.356404737639054349e-04 1.356404737639054349e-04 1.356404737639054349e-04 1.356404737639054349e-04
0.000000000000000000e+00 0.000000000000000000e+00 0.000000000000000000e+00 1.342854277209000859e-04 1.342854277209000859e-04 1.342854277209000859e-04 1.342854277209000859e-04 1.342854277209000859e-04
0.000000000000000000e+00 0.000000000000000000e+00 0.000000000000000000e+00 1.329430271862233289e-04 1.329430271862233289e-04 1.329430271862233289e-04 1.329430271862233289e-04 1.329430271862233289e-04
0.000000000000000000e+00 0.000000000000000000e+00 0.000000000000000000e+00 1.316131715776618159e-04 1.316131715776618159e-04 1.316131715776618159e-04 1.316131715776618159e-04 1.316131715776618159e-04
0.000000000000000000e+00 0.000000000000000000e+00 0.000000000000000000e+00 1.302957607419394934e-04 1.302957607419394934e-04 1.302957607419394934e-04 1.302957607419394934e-04 1.302957607419394934e-04
0.000000000000000000e+00 0.000000000000000000e+00 0.000000000000000000e+00 1.289906949623302742e-04 1.289906949623302742e-04 1.289906949623302742e-04 1.289906949623302742e-04 1.289906949623302742e-04
0.000000000000000000e+00 0.000000000000000000e+00 0.000000000000000000e+00 1.276978749659534167e-04 1.276978749659534167e-04 1.276978749659534167e-04 1.276978749659534167e-04 1.276978749659534167e-04
0.000000000000000000e+00 0.000000000000000000e+00 0.000000000000000000e+00 1.264172019307601238e-04 1.264172019307601238e-04 1.264172019307601238e-04 1.264172019307601238e-04 1.264172019307601238e-04
0.000000000000000000e+00 0.000000000000000000e+00 0.000000000000000000e+00 1.251485774922171613e-04 1.251485774922171613e-04 1.251485774922171613e-04 1.251485774922171613e-04 1.251485774922171613e-04
0.000000000000000000e+00 0.000000000000000000e+00 0.000000000000000000e+00 1.238919037496993413e-04 1.238919037496993413e-04 1.238919037496993413e-04 1.238919037496993413e-04 1.238919037496993413e-04
0.000000000000000000e+00 0.000000000000000000e+00 0.000000000000000000e+00 1.226470832725933089e-04 1.226470832725933089e-04 1.226470832725933089e-04 1.226470832725933089e-04 1.226470832725933089e-04
0.000000000000000000e+00 0.000000000000000000e+00 0.000000000000000000e+00 1.214140191061249938e-04 1.214140191061249938e-04 1.214140191061249938e-04 1.214140191061249938e-04 1.214140191061249938e-04
0.000000000000000000e+00 0.000000000000000000e+00 0.000000000000000000e+00 1.201926147769147231e-04 1.201926147769147231e-04 1.201926147769147231e-04 1.201926147769147231e-04 1.201926147769147231e-04
0.000000000000000000e+00 0.000000000000000000e+00 0.000000000000000000e+00 1.189827742982680470e-04 1.189827742982680470e-04 1.189827742982680470e-04 1.189827742982680470e-04 1.189827742982680470e-04
0.000000000000000000e+00 0.000000000000000000e+00 0.000000000000000000e+00 1.177844021752094450e-04 1.177844021752094450e-04 1.177844021752094450e-04 1.177844021752094450e-04 1.177844021752094450e-04
0.000000000000000000e+00 0.000000000000000000e+00 0.000000000000000000e+00 1.165974034092656636e-04 1.165974034092656636e-04 1.165974034092656636e-04 1.165974034092656636e-04 1.165974034092656636e-04
0.000000000000000000e+00 0.000000000000000000e+00 0.000000000000000000e+00 1.154216835030052438e-04 1.154216835030052438e-04 1.154216835030052438e-04 1.154216835030052438e-04 1.154216835030052438e-04
0.000000000000000000e+00 0.000000000000000000e+00 0.000000000000000000e+00 1.142571484643390084e-04 1.142571484643390084e-04 1.142571484643390084e-04 1.142571484643390084e-04 1.142571484643390084e-04
0.000000000000000000e+00 0.000000000000000000e+00 0.000000000000000000e+00 1.131037048105919062e-04 1.131037048105919062e-04 1.131037048105919062e-04 1.131037048105919062e-04 1.131037048105919062e-04
0.000000000000000000e+00 0.000000000000000000e+00 0.000000000000000000e+00 1.119612595723476733e-04 1.119612595723476733e-04 1.119612595723476733e-04 1.119612595723476733e-04 1.119612595723476733e-04
0.000000000000000000e+00 0.000000000000000000e+00 0.000000000000000000e+00 1.108297202970752731e-04 1.108297202970752731e-04 1.108297202970752731e-04 1.108297202970752731e-04 1.108297202970752731e-04
0.000000000000000000e+00 0.000000000000000000e+00 0.000000000000000000e+00 1.097089950525417476e-04 1.097089950525417476e-04 1.097089950525417476e-04 1.097089950525417476e-04 1.097089950525417476e-04
0.000000000000000000e+00 0.000000000000000000e+00 0.000000000000000000e+00 1.085989924300188132e-04 1.085989924300188132e-04 1.085989924300188132e-04 1.085989924300188132e-04 1.085989924300188132e-04
0.000000000000000000e+00 0.000000000000000000e+00 0.000000000000000000e+00 1.074996215472855452e-04 1.074996215472855452e-04 1.074996215472855452e-04 1.074996215472855452e-04 1.074996215472855452e-04
0.000000000000000000e+00 0.000000000000000000e+00 0.000000000000000000e+00 1.064107920514370303e-04 1.064107920514370303e-04 1.064107920514370303e-04 1.064107920514370303e-04 1.064107920514370303e-04
0.000000000000000000e+00 0.000000000000000000e+00 0.000000000000000000e+00 1.053324141214995440e-04 1.053324141214995440e-04 1.053324141214995440e-04 1.053324141214995440e-04 1.053324141214995440e-04
0.000000000000000000e+00 0.000000000000000000e+00 0.000000000000000000e+00 1.042643984708625240e-04 1.042643984708625240e-04 1.042643984708625240e-04 1.042643984708625240e-04 1.042643984708625240e-04
0.000000000000000000e+00 0.000000000000000000e+00 0.000000000000000000e+00 1.032066563495269754e-04 1.032066563495269754e-04 1.032066563495269754e-04 1.032066563495269754e-04 1.032066563495269754e-04
0.000000000000000000e+00 0.000000000000000000e+00 0.000000000000000000e+00 1.021590995461812165e-04 1.021590995461812165e-04 1.021590995461812165e-04 1.021590995461812165e-04 1.021590995461812165e-04
0.000000000000000000e+00 0.000000000000000000e+00 0.000000000000000000e+00 1.011216403901026641e-04 1.011216403901026641e-04 1.011216403901026641e-04 1.011216403901026641e-04 1.011216403901026641e-04
0.000000000000000000e+00 0.000000000000000000e+00 0.000000000000000000e+00 1.000941917528961619e-04 1.000941917528961619e-04 1.000941917528961619e-04 1.000941917528961619e-04 1.000941917528961619e-04
0.000000000000000000e+00 0.000000000000000000e+00 0.000000000000000000e+00 9.907666705006878429e-05 9.907666705006878429e-05 9.907666705006878429e-05 9.907666705006878429e-05 9.907666705006878429e-05
0.000000000000000000e+00 0.000000000000000000e+00 0.000000000000000000e+00 9.806898024244915194e-05 9.806898024244915194e-05 9.806898024244915194e-05 9.806898024244915194e-05 9.806898024244915194e-05
0.000000000000000000e+00 0.000000000000000000e+00 0.000000000000000000e+00 9.707104583745326473e-05 9.707104583745326473e-05 9.707104583745326473e-05 9.707104583745326473e-05 9.707104583745326473e-05
0.000000000000000000e+00 0.000000000000000000e+00 0.000000000000000000e+00 9.608277889020243627e-05 9.608277889020243627e-05 9.608277889020243627e-05 9.608277889020243627e-05 9.608277889020243627e-05
0.000000000000000000e+00 0.000000000000000000e+00 0.000000000000000000e+00 9.510409500449759862e-05 9.510409500449759862e-05 9.510409500449759862e-05 9.510409500449759862e-05 9.510409500449759862e-05
0.000000000000000000e+00 0.000000000000000000e+00 0.000000000000000000e+00 9.413491033365278273e-05 9.413491033365278273e-05 9.413491033365278273e-05 9.413491033365278273e-05 9.413491033365278273e-05
0.000000000000000000e+00 0.000000000000000000e+00 0.000000000000000000e+00 9.317514158119402222e-05 9.317514158119402222e-05 9.317514158119402222e-05 9.317514158119402222e-05 9.317514158119402222e-05
0.000000000000000000e+00 0.000000000000000000e+00 0.000000000000000000e+00 9.222470600142517144e-05 9.222470600142517144e-05 9.222470600142517144e-05 9.222470600142517144e-05 9.222470600142517144e-05
0.000000000000000000e+00 0.000000000000000000e+00 0.000000000000000000e+00 9.128352139986647875e-05 9.128352139986647875e-05 9.128352139986647875e-05 9.128352139986647875e-05 9.128352139986647875e-05
0.000000000000000000e+00 0.000000000000000000e+00 0.000000000000000000e+00 9.035150613356817849e-05 9.035150613356817849e-05 9.035150613356817849e-05 9.035150613356817849e-05 9.035150613356817849e-05
0.000000000000000000e+00 0.000000000000000000e+00 0.000000000000000000e+00 8.942857911130399392e-05 8.942857911130399392e-05 8.942857911130399392e-05 8.942857911130399392e-05 8.942857911130399392e-05
0.000000000000000000e+00 0.000000000000000000e+00 0.000000000000000000e+00 8.851465979364692301e-05 8.851465979364692301e-05 8.851465979364692301e-05 8.851465979364692301e-05 8.851465979364692301e-05
0.000000000000000000e+00 0.000000000000000000e+00 0.000000000000000000e+00 8.760966819293211801e-05 8.760966819293211801e-05 8.760966819293211801e-05 8.760966819293211801e-05 8.760966819293211801e-05
0.000000000000000000e+00 0.000000000000000000e+00 0.000000000000000000e+00 8.671352487310885122e-05 8.671352487310885122e-05 8.671352487310885122e-05 8.671352487310885122e-05 8.671352487310885122e-05
0.000000000000000000e+00 0.000000000000000000e+00 0.000000000000000000e+00 8.582615094948595788e-05 8.582615094948595788e-05 8.582615094948595788e-05 8.582615094948595788e-05 8.582615094948595788e-05
0.000000000000000000e+00 0.000000000000000000e+00 0.000000000000000000e+00 8.494746808837376484e-05 8.494746808837376484e-05 8.494746808837376484e-05 8.494746808837376484e-05 8.494746808837376484e-05
0.000000000000000000e+00 0.000000000000000000e+00 0.000000000000000000e+00 8.407739850662505291e-05 8.407739850662505291e-05 8.407739850662505291e-05 8.407739850662505291e-05 8.407739850662505291e-05
0.000000000000000000e+00 0.000000000000000000e+00 0.000000000000000000e+00 8.321586497107909155e-05 8.321586497107909155e-05 8.321586497107909155e-05 8.321586497107909155e-05 8.321586497107909155e-05
0.000000000000000000e+00 0.000000000000000000e+00 0.000000000000000000e+00 8.236279079791140217e-05 8.236279079791140217e-05 8.236279079791140217e-05 8.236279079791140217e-05 8.236279079791140217e-05
0.000000000000000000e+00 0.000000000000000000e+00 0.000000000000000000e+00 8.151809985189102539e-05 8.151809985189102539e-05 8.151809985189102539e-05 8.151809985189102539e-05 8.151809985189102539e-05
0.000000000000000000e+00 0.000000000000000000e+00 0.000000000000000000e+00 8.068171654555133685e-05 8.068171654555133685e-05 8.068171654555133685e-05 8.068171654555133685e-05 8.068171654555133685e-05
0.000000000000000000e+00 0.000000000000000000e+00 0.000000000000000000e+00 7.985356583827252751e-05 7.985356583827252751e-05 7.985356583827252751e-05 7.985356583827252751e-05 7.985356583827252751e-05
0.000000000000000000e+00 0.000000000000000000e+00 0.000000000000000000e+00 7.903357323528343290e-05 7.903357323528343290e-05 7.903357323528343290e-05 7.903357323528343290e-05 7.903357323528343290e-05
0.000000000000000000e+00 0.000000000000000000e+00 0.000000000000000000e+00 7.822166478658149167e-05 7.822166478658149167e-05 7.822166478658149167e-05 7.822166478658149167e-05 7.822166478658149167e-05
0.000000000000000000e+00 0.000000000000000000e+00 0.000000000000000000e+00 7.741776708577584754e-05 7.741776708577584754e-05 7.741776708577584754e-05 7.741776708577584754e-05 7.741776708577584754e-05
0.000000000000000000e+00 0.000000000000000000e+00 0.000000000000000000e+00 7.662180726885463864e-05 7.662180726885463864e-05 7.662180726885463864e-05 7.662180726885463864e-05 7.662180726885463864e-05
0.000000000000000000e+00 0.000000000000000000e+00 0.000000000000000000e+00 7.583371301288016012e-05 7.583371301288016012e-05 7.583371301288016012e-05 7.583371301288016012e-05 7.583371301288016012e-05
0.000000000000000000e+00 0.000000000000000000e+00 0.000000000000000000e+00 7.505341253461375703e-05 7.505341253461375703e-05 7.505341253461375703e-05 7.505341253461375703e-05 7.505341253461375703e-05
0.000000000000000000e+00 0.000000000000000000e+00 0.000000000000000000e+00 7.428083458907214134e-05 7.428083458907214134e-05 7.428083458907214134e-05 7.428083458907214134e-05 7.428083458907214134e-05
0.000000000000000000e+00 0.000000000000000000e+00 0.000000000000000000e+00 7.351590846801913119e-05 7.351590846801913119e-05 7.351590846801913119e-05 7.351590846801913119e-05 7.351590846801913119e-05
0.000000000000000000e+00 0.000000000000000000e+00 0.000000000000000000e+00 7.275856399839327317e-05 7.275856399839327317e-05 7.275856399839327317e-05 7.275856399839327317e-05 7.275856399839327317e-05
0.000000000000000000e+00 0.000000000000000000e+00 0.000000000000000000e+00 7.200873154067470854e-05 7.200873154067470854e-05 7.200873154067470854e-05 7.200873154067470854e-05 7.200873154067470854e-05
0.000000000000000000e+00 0.000000000000000000e+00 0.000000000000000000e+00 7.126634198719319446e-05 7.126634198719319446e-05 7.126634198719319446e-05 7.126634198719319446e-05 7.126634198719319446e-05
0.000000000000000000e+00 0.000000000000000000e+00 0.000000000000000000e+00 7.053132676037863536e-05 7.053132676037863536e-05 7.053132676037863536e-05 7.053132676037863536e-05 7.053132676037863536e-05
0.000000000000000000e+00 0.000000000000000000e+00 0.000000000000000000e+00 6.980361781095748550e-05 6.980361781095748550e-05 6.980361781095748550e-05 6.980361781095748550e-05 6.980361781095748550e-05
