9.447421837921134991e-01 8.217557661975105621e-01 6.890893221396239277e-01 4.695733616992060488e-01 5.429401684051506916e-01 2.980487530115994987e-01 1.534796261948047635e-01 1.448607638341129281e-02
9.504039169152891375e-01 8.325389899823798512e-01 7.019977542908860668e-01 4.718417444199540234e-01 5.356885375367840263e-01 2.936424578074425806e-01 1.509343451370201983e-01 1.447959068569029846e-02
9.528067530887573966e-01 8.406756406253124148e-01 7.126032007750939812e-01 4.765788567623088223e-01 5.306218221752595499e-01 2.746431957889573505e-01 1.487685851061974207e-01 1.452360454276581565e-02
9.529585269897646871e-01 8.466515105540119990e-01 7.218263068231758339e-01 4.830886124835763185e-01 5.282507639513800424e-01 2.567181152709986369e-01 1.474530844133585539e-01 1.467287784742835749e-02
9.513945885714590878e-01 8.514869762518055829e-01 7.300145673324790474e-01 4.888356782065052530e-01 5.300392549800201358e-01 2.494377198048177702e-01 1.466936509440232295e-01 1.490458005192946654e-02
9.470517220885164011e-01 8.547037406629053313e-01 7.372695700902702765e-01 4.914732813681312873e-01 5.390278242206536508e-01 2.495781651098804843e-01 1.462789969537230117e-01 1.514679153576575961e-02
9.396600147840951101e-01 8.561390522022039873e-01 7.447873034603550435e-01 4.921635743416733488e-01 5.547624908693542523e-01 2.565372023898186415e-01 1.458001661571332319e-01 1.532003862262174866e-02
9.317511037496086779e-01 8.574035334819629650e-01 7.541096521230397087e-01 4.958401162545492125e-01 5.897944076537312563e-01 3.006354315160241208e-01 1.455367974787888652e-01 1.549377390645875242e-02
9.253058454532686605e-01 8.602546848467808038e-01 7.662261400292597058e-01 5.096379344925158206e-01 6.327597031936752492e-01 3.671207527542881266e-01 1.457778695847808115e-01 1.567422849985376440e-02
9.201253044553791005e-01 8.650714345929462201e-01 7.809316454247688943e-01 5.360203624898141062e-01 6.608175991329833243e-01 4.402022526060700436e-01 1.465992611788284050e-01 1.584934018247242254e-02
9.158922911946898449e-01 8.705082431564614698e-01 7.953765836522705968e-01 5.624393430238338043e-01 6.792461729410027571e-01 5.136040914583461792e-01 1.482916406893050321e-01 1.611575420699007041e-02
9.128770145404385694e-01 8.751522604292873986e-01 8.074326421151128974e-01 5.788003426419036090e-01 6.922081036050320435e-01 5.421610314034092104e-01 1.502722123243217522e-01 1.637764054433566568e-02
9.111280260702423472e-01 8.791702102775946770e-01 8.179783692602339285e-01 5.911485947498867910e-01 7.030437131917998128e-01 5.610463624277738370e-01 1.510334931350982568e-01 1.647192689779884353e-02
9.095138123372304984e-01 8.834767847325094570e-01 8.273718489762577066e-01 6.006173344306873219e-01 7.178906206767392550e-01 5.834142836645279662e-01 1.516658300841012830e-01 1.656290457259236917e-02
9.068169766838738433e-01 8.885435533396276453e-01 8.358170626666253655e-01 6.061753778113531110e-01 7.360492536214898740e-01 5.921849495628018767e-01 1.534499438795897397e-01 1.676753524352617847e-02
9.032106541560213087e-01 8.941484012043507956e-01 8.442746474441524818e-01 6.125739620903899452e-01 7.358384495938526948e-01 5.467296962751126976e-01 1.564033374016616795e-01 1.705530406298341392e-02
9.000631676754370369e-01 8.999129303224707721e-01 8.532605927039446092e-01 6.211152240896041787e-01 7.450280917819018800e-01 5.383336793711624990e-01 1.598131744816519983e-01 1.731996384606263387e-02
8.988252070341108402e-01 9.057220697775353324e-01 8.629836079865751408e-01 6.314007513860903087e-01 7.758641320543905318e-01 5.846209602358319879e-01 1.635056074011811689e-01 1.760829291907142422e-02
8.996766751527427441e-01 9.112716905668251099e-01 8.731346221276345965e-01 6.426263638347419205e-01 7.997075122479945231e-01 5.916859963005993706e-01 1.681007745697817857e-01 1.801624005387875149e-02
9.007046324340751697e-01 9.161284489091431338e-01 8.828223633673217829e-01 6.538059087198999642e-01 8.190489653642618606e-01 5.872206521057677930e-01 1.731122564552777521e-01 1.845957156907319235e-02
9.000898112570322462e-01 9.202696946271803347e-01 8.913837631006020779e-01 6.650634182304758779e-01 8.334243445190935295e-01 5.794914193896524290e-01 1.781083409821907215e-01 1.890903742835318285e-02
8.978802410008571711e-01 9.238641858247623739e-01 8.990142519511707953e-01 6.759993604779681586e-01 8.491921502196506655e-01 5.782468541615488622e-01 1.834441927146069629e-01 1.941590965287289666e-02
8.948194765008993246e-01 9.271467988373139901e-01 9.062919916791850605e-01 6.858444983571351239e-01 8.661778478010253579e-01 5.848990642365301529e-01 1.886223206748776360e-01 1.996615296495920719e-02
8.913401143980973496e-01 9.305321186228637798e-01 9.132392238940606477e-01 6.940741934949256065e-01 8.792585908458387944e-01 5.923907770781996485e-01 1.934065944526525416e-01 2.051812676587276910e-02
8.875738727336782707e-01 9.342254669638896392e-01 9.194343502812386548e-01 7.007149247425468186e-01 8.926067858357477069e-01 5.990528352560562375e-01 1.983960529410323803e-01 2.108465442632175002e-02
8.835948649602954896e-01 9.378258690063713265e-01 9.243492377900820456e-01 7.062866035914180385e-01 9.025819693394178111e-01 6.103053451747719738e-01 2.030116301554240887e-01 2.162983317927033924e-02
8.788820945909970872e-01 9.407463344135985617e-01 9.276674077895370463e-01 7.106596937781174406e-01 9.054692045074286266e-01 6.218945393955180867e-01 2.071410037803775861e-01 2.216302623072520170e-02
8.725749679893419763e-01 9.426815400670239820e-01 9.297932397410049177e-01 7.131454478149594767e-01 9.039015759829862606e-01 6.153632544599877408e-01 2.120726579152441005e-01 2.279425858851864134e-02
8.644034142081581384e-01 9.434161027181769965e-01 9.313983973655106663e-01 7.144438195702824679e-01 8.945774572378635270e-01 5.882867675827149201e-01 2.185484418826019737e-01 2.360403323889001537e-02
8.551434346669837261e-01 9.428600531965992682e-01 9.327873901738582552e-01 7.153383860832620567e-01 8.752647088072973425e-01 5.387201114742613539e-01 2.251261018470677999e-01 2.444743411381872927e-02
8.463477723234231753e-01 9.412117836301970852e-01 9.339533359165713700e-01 7.158693000208495860e-01 8.305890737790052603e-01 4.119356241481965109e-01 2.324107851455770868e-01 2.534896852426946762e-02
8.391385529978139246e-01 9.388560578557394454e-01 9.346865445155572161e-01 7.172738755938388167e-01 7.852139078998123800e-01 3.114000328229028502e-01 2.405564537181704987e-01 2.632983608519561675e-02
8.335493400637644656e-01 9.362861011837625425e-01 9.348042863667129776e-01 7.208125498278109555e-01 7.774940847600084748e-01 3.030631350356750020e-01 2.475353645904873057e-01 2.724908854321520316e-02
8.288558684943365673e-01 9.338704249371841959e-01 9.346024476265731851e-01 7.268506267525477460e-01 7.791281872114084184e-01 3.093938349465812365e-01 2.522504226819859974e-01 2.799077727998754497e-02
8.240840675341546406e-01 9.317746478988911951e-01 9.349008758182429935e-01 7.350154608544070545e-01 7.809374132055564299e-01 3.140134577547903927e-01 2.570192343165084159e-01 2.875648884276910816e-02
8.183228336776627865e-01 9.299980425234528614e-01 9.361394579936042071e-01 7.442456707511645453e-01 7.879694787717310689e-01 3.141609549926922540e-01 2.638017316209285701e-01 2.978309092311079431e-02
8.111120319187599126e-01 9.282348456182695218e-01 9.377213505546023731e-01 7.538099126147761453e-01 7.946517239331537530e-01 3.200560139581941632e-01 2.713495847336160338e-01 3.093450213769729021e-02
8.026963061864013094e-01 9.261937871874357242e-01 9.387602880984836640e-01 7.620329550033312360e-01 7.957333964395540971e-01 3.307220128024890293e-01 2.780793376228998803e-01 3.195922061834227668e-02
7.935480432285663133e-01 9.239619214142700265e-01 9.392208535500234934e-01 7.685057941954575034e-01 8.005124275761994479e-01 3.427700678438552195e-01 2.840102440006846418e-01 3.289181305167753616e-02
7.840606242288402639e-01 9.216630107467536082e-01 9.399893427905364751e-01 7.765013870577979205e-01 8.015856747657633674e-01 3.597370317610417700e-01 2.904517917443704689e-01 3.396830905572008341e-02
7.745764809541101359e-01 9.191409751006280882e-01 9.416964525916866613e-01 7.917952723220412770e-01 8.009550201580599715e-01 4.075860911438979328e-01 2.954133419101651614e-01 3.497287802291512010e-02
7.651324317594129232e-01 9.158824435882804149e-01 9.436513460179741797e-01 8.163299022513988978e-01 8.087635871980187741e-01 5.136568931919802683e-01 2.990704119418001183e-01 3.583580940491134376e-02
7.555563132363789514e-01 9.113350687852538323e-01 9.443664177120379977e-01 8.432796998323744964e-01 8.156135638811504718e-01 6.385564915627114368e-01 3.035743395351592211e-01 3.666172339503150079e-02
7.455995243065124400e-01 9.056541198814781479e-01 9.432715399460563921e-01 8.638204905983676296e-01 8.201542642910863989e-01 7.235186654989770316e-01 3.080451767073371649e-01 3.738816986313665131e-02
7.346355983375988385e-01 8.993706707216675422e-01 9.412242595482394059e-01 8.774992125918226193e-01 8.225801873685542054e-01 7.609451905922500758e-01 3.117867316975858061e-01 3.798812511271794368e-02
7.219915011991295817e-01 8.924553708340092761e-01 9.391971915583811059e-01 8.909032855737576417e-01 8.221327813232337522e-01 7.727405388347216020e-01 3.145732979469451629e-01 3.841117455330889802e-02
7.074743207351305019e-01 8.846052152698865578e-01 9.374214812505802241e-01 9.074184585885807230e-01 8.247750397485262841e-01 7.967064145983921986e-01 3.156229257986945536e-01 3.870102087254535805e-02
6.911932229762471902e-01 8.759849531023483626e-01 9.355956929197841720e-01 9.229527061317971404e-01 8.267330317968708542e-01 8.318919467735075290e-01 3.150366509279478588e-01 3.900073185708544110e-02
6.733278617170511682e-01 8.671901109673504360e-01 9.335514862880275322e-01 9.334525798242042649e-01 8.294471751160651385e-01 8.520620011151931461e-01 3.141467141235999572e-01 3.940002854980961117e-02
6.546369618867012852e-01 8.585934857741985837e-01 9.313363088807903312e-01 9.399279882283032572e-01 8.348865056250882599e-01 8.581722946888120651e-01 3.136863273744189828e-01 3.988705283276739594e-02
6.365525475369773201e-01 8.501924305604251497e-01 9.290003664521627735e-01 9.426930436001824676e-01 8.402351556351660422e-01 8.603736775268961967e-01 3.139753608637559368e-01 4.046691396985336447e-02
6.199103179123599539e-01 8.420385681562531088e-01 9.267324928339347734e-01 9.419110102153697150e-01 8.493901804044472481e-01 8.423931322206936745e-01 3.150824402766529420e-01 4.110793054055308232e-02
6.042245906964447411e-01 8.339623966936762223e-01 9.248388354974992343e-01 9.443289719590579612e-01 8.678016321202474126e-01 8.488251010030191113e-01 3.161862713558339366e-01 4.168144460457162692e-02
5.884274595011868003e-01 8.253439824372121869e-01 9.231268673380436107e-01 9.520719470927918593e-01 8.838658962644686534e-01 8.822761406900109238e-01 3.171962887382627216e-01 4.226046737638705642e-02
5.718122878293099287e-01 8.157154193902742545e-01 9.202144065958294261e-01 9.596937062905820381e-01 8.880958534973125706e-01 8.931979078280448681e-01 3.188843237375206252e-01 4.297967811224268075e-02
5.542807581157211949e-01 8.051805347261664636e-01 9.151554172334668280e-01 9.640112044251093470e-01 8.908468388789706482e-01 8.986877127320472836e-01 3.211685628120258817e-01 4.376406655692396952e-02
5.358177681807547721e-01 7.941797118061991734e-01 9.086960281597401545e-01 9.648285269640247686e-01 8.916914718622169778e-01 9.034544260061839749e-01 3.242409254207078151e-01 4.471953222089729285e-02
5.162507265422401348e-01 7.831204683908811193e-01 9.021483755419759110e-01 9.648747574395543092e-01 8.926215733834039767e-01 9.084234751438684530e-01 3.261349784004977659e-01 4.551142330950251613e-02
4.961287801761053440e-01 7.722497940730835841e-01 8.958986412994264237e-01 9.635643303235423840e-01 8.961980993173372934e-01 9.057671231309729620e-01 3.268727419972806136e-01 4.617570538782159867e-02
4.769666936692343873e-01 7.616357364321542089e-01 8.893309733529473071e-01 9.597299014694157249e-01 8.972768959324538551e-01 9.019401196138883137e-01 3.284261984555467140e-01 4.708592972024211454e-02
4.598734130845688606e-01 7.510530116212721374e-01 8.820635363607292057e-01 9.548871287997878765e-01 8.923755166812367134e-01 9.057609829801609447e-01 3.301560698105047709e-01 4.800496898441294208e-02
4.450157987489016809e-01 7.402663317646815955e-01 8.744605435499316348e-01 9.497734358769630569e-01 8.835516962418233922e-01 9.117612813744599976e-01 3.314432833838791281e-01 4.885115624610231189e-02
4.323113724973846050e-01 7.296848493102182642e-01 8.669940098775427151e-01 9.449554113062615945e-01 8.764169918365031231e-01 9.166220418474849696e-01 3.318685550279360519e-01 4.958978874770041817e-02
4.215067926297431655e-01 7.201611163691505890e-01 8.597120111232908757e-01 9.414053749343255229e-01 8.700677888973677998e-01 9.205927660578491212e-01 3.321545313041782688e-01 5.032369897570358741e-02
4.118094614573442058e-01 7.118870237704155723e-01 8.526234278331826788e-01 9.396137826572902307e-01 8.639927905778769235e-01 9.232321847584177288e-01 3.332732197092790338e-01 5.122591101834375604e-02
4.023292028178752089e-01 7.041029291536677892e-01 8.457950752899231484e-01 9.385897389456803186e-01 8.578671020042540896e-01 9.221922105425467420e-01 3.356521562225057709e-01 5.217323770798201754e-02
3.928205513369070756e-01 6.959660472161255385e-01 8.389381814974650187e-01 9.364365095838749209e-01 8.507493541583757146e-01 9.205075052747192510e-01 3.385900652031821889e-01 5.300048356775632213e-02
3.832732354845837519e-01 6.868876684431715063e-01 8.312782343247573369e-01 9.316098030063055813e-01 8.419139492253017165e-01 9.200035156877324205e-01 3.410955931569176203e-01 5.376891954340221047e-02
3.733922465596171136e-01 6.762146373560649071e-01 8.218579504434651017e-01 9.221805335607116128e-01 8.299338615776202799e-01 9.161019256018263501e-01 3.430570043106709877e-01 5.448306895390454124e-02
3.629020278610181061e-01 6.637538547209201889e-01 8.103249698174800342e-01 9.067538268669251833e-01 8.181772314941007096e-01 8.988014287171893768e-01 3.451239285961931191e-01 5.525503511188515487e-02
3.520229624657769674e-01 6.505283092429873237e-01 7.975977843448167626e-01 8.865237937709166127e-01 8.058302312234025822e-01 8.513340906636305272e-01 3.471874593237774809e-01 5.608452566308524262e-02
3.411158538863940382e-01 6.377428090264941618e-01 7.854487743299647384e-01 8.653288368012730380e-01 7.943602644734102380e-01 7.724986758855947322e-01 3.479728134582191768e-01 5.672856064453032227e-02
3.303005284875017433e-01 6.256012569595819084e-01 7.749173043916356418e-01 8.479219958135157942e-01 7.869220749978543816e-01 7.073867774232542871e-01 3.471973366598052335e-01 5.714650024580519849e-02
3.196616939721810824e-01 6.137913077127533645e-01 7.654821021240704182e-01 8.354293477906197252e-01 7.815434498782000139e-01 6.643270663116446206e-01 3.462330951821400160e-01 5.755924209479077597e-02
3.091334216569497917e-01 6.023527426288887154e-01 7.566604926059735670e-01 8.250905957558339887e-01 7.743993978349910101e-01 6.414559548538203426e-01 3.469327397420898795e-01 5.830320917728563229e-02
2.985502432860440702e-01 5.912236387721387931e-01 7.485447328963634739e-01 8.140990835504808842e-01 7.645689894047823509e-01 6.177232186598716757e-01 3.491475529656614674e-01 5.940865552109803049e-02
2.880670268686899571e-01 5.796780672474272089e-01 7.406022694352834002e-01 8.016789457621855686e-01 7.544445357892867188e-01 5.949048156486320682e-01 3.501903387007931912e-01 6.039730328879258647e-02
2.779817941569642792e-01 5.672535264109349606e-01 7.319397142459720396e-01 7.891382500342124517e-01 7.478356489415884933e-01 5.867022094489083850e-01 3.487198837216409775e-01 6.091569351333332022e-02
2.687544047796301405e-01 5.544667531671958471e-01 7.228315301249172986e-01 7.776801094168193096e-01 7.443970885899721113e-01 5.932989686147128738e-01 3.458807061138867156e-01 6.113445045979246095e-02
2.610530333270171255e-01 5.421691148068235044e-01 7.145693056902823193e-01 7.669739699519553255e-01 7.416643534827559447e-01 6.045352493195867982e-01 3.431968018017133026e-01 6.135869616963021689e-02
2.549048682026243684e-01 5.306292972065566049e-01 7.073078014411872116e-01 7.577357434130103098e-01 7.388612236995230065e-01 6.080019787017352240e-01 3.413354157593272986e-01 6.174230454039383170e-02
2.495543284076448542e-01 5.195725031251525738e-01 7.003357354035152360e-01 7.516686039824810317e-01 7.352173109235362602e-01 6.069831223364875461e-01 3.391182115106129435e-01 6.202963287020354932e-02
2.440554583593494697e-01 5.085170663221675325e-01 6.934652152749771759e-01 7.490936762357529588e-01 7.314802560906609186e-01 6.094418960332982360e-01 3.358067184958446472e-01 6.206568423505689353e-02
2.379129429727394884e-01 4.973068973572557505e-01 6.867146500267110598e-01 7.496646372791595514e-01 7.276505181390359178e-01 6.115015857219534556e-01 3.322603585667652237e-01 6.203648345765137850e-02
2.311920386120557003e-01 4.863244910396715692e-01 6.802599361402725808e-01 7.536056726208084644e-01 7.214466390329423717e-01 6.116276991784274086e-01 3.291375911128697762e-01 6.206694611339024642e-02
2.242038011535571473e-01 4.754453638203010035e-01 6.742312608848219924e-01 7.599695723475435871e-01 7.163811107350591678e-01 6.186868536594644086e-01 3.258449166473664227e-01 6.209682540539671058e-02
2.174791774657892918e-01 4.640251605649690636e-01 6.685908731357025347e-01 7.653168490232312715e-01 7.153355631530420311e-01 6.322529713735223211e-01 3.207182108424982414e-01 6.170747915880597789e-02
2.113010365852358297e-01 4.521501462445520203e-01 6.634121721293162466e-01 7.676193076979879182e-01 7.159647836614548844e-01 6.404912111052145640e-01 3.142779955227655853e-01 6.095153073544654770e-02
2.053552693111803107e-01 4.403827757092600437e-01 6.581061635476741500e-01 7.664122884121540302e-01 7.175433958421222336e-01 6.487325891046408222e-01 3.081682727845548309e-01 6.034273729842714457e-02
1.992312262211451412e-01 4.286777795947689929e-01 6.517547567616581716e-01 7.605889840474132635e-01 7.195137423771511553e-01 6.628544516529049080e-01 3.016551054956846389e-01 5.972797114178065442e-02
1.928737075925505140e-01 4.166401079401806928e-01 6.439301947722283481e-01 7.495821968000425661e-01 7.203323763587902162e-01 6.773105070476089784e-01 2.945192165208982971e-01 5.900425720457158629e-02
1.863155928881473911e-01 4.047969548653468919e-01 6.352204916623637176e-01 7.347643565034636115e-01 7.186491042506455429e-01 6.854521979688888988e-01 2.881054070920934795e-01 5.853678639216925578e-02
1.793089349102742480e-01 3.943349353671189994e-01 6.272154385631739659e-01 7.192336716531927410e-01 7.100888198137348395e-01 6.786699255275294718e-01 2.803753928460113731e-01 5.791857749419470486e-02
1.716417545989870341e-01 3.856116431233799213e-01 6.210613338896457947e-01 7.062194407290479647e-01 7.001667198914250934e-01 6.668488706840360880e-01 2.714977939005368546e-01 5.713868493649089386e-02
1.639491317647180646e-01 3.785726280608207595e-01 6.170928530932355827e-01 6.984837041132249125e-01 6.933155950293214964e-01 6.602876299275690641e-01 2.637904014535130681e-01 5.655935903638817375e-02
1.573229277834763129e-01 3.732701625426190217e-01 6.152874424879808402e-01 6.976547363418256209e-01 6.866023310160627169e-01 6.538026965281742431e-01 2.571099629132422848e-01 5.614146219364982843e-02
1.519777685919516952e-01 3.690131128064859101e-01 6.154840591692111174e-01 7.020138885117114258e-01 6.800206641787313044e-01 6.426112844426740134e-01 2.500009747168719376e-01 5.563131498273345826e-02
1.471647103830815151e-01 3.649957143824141270e-01 6.177031716692129582e-01 7.075728998719723606e-01 6.728451259901570003e-01 6.326393801960934482e-01 2.433371280437642836e-01 5.514756813345928627e-02
1.423619871325606245e-01 3.613599932749070875e-01 6.213989211811196123e-01 7.126467764257582438e-01 6.677055588534605013e-01 6.373099499190105766e-01 2.377017142341709410e-01 5.486405867879768500e-02
1.379829068807964521e-01 3.582587185245522110e-01 6.250033507489546336e-01 7.166587149537341217e-01 6.658368263926686126e-01 6.550929583592861594e-01 2.305588657517914086e-01 5.429407058738096314e-02
1.345604752072558918e-01 3.549006362955694494e-01 6.267841968136244057e-01 7.179180239168302391e-01 6.640946001177421287e-01 6.650249166843006376e-01 2.222442196894144906e-01 5.345322838602671600e-02
1.317634832350013663e-01 3.505868915142463238e-01 6.256046236791209525e-01 7.137641107131037499e-01 6.595108064801854519e-01 6.635296418607837809e-01 2.141518861725969503e-01 5.264443167233406884e-02
1.289415870003176867e-01 3.455781295512423412e-01 6.216248083436234362e-01 7.018070134537039984e-01 6.522724674682638391e-01 6.555599438076240570e-01 2.065633473127743147e-01 5.192544024786288626e-02
1.261775551731864342e-01 3.404610502226157465e-01 6.157945850286780098e-01 6.856807669300853947e-01 6.400192887140324638e-01 6.321781483622277431e-01 1.992580557426457122e-01 5.126209796974894733e-02
1.241631204386077908e-01 3.356428618406273601e-01 6.086686234241005522e-01 6.735973883927509620e-01 6.253019704849047677e-01 6.241603786536312759e-01 1.925619721693044850e-01 5.073292651914700080e-02
1.230553314921219304e-01 3.314204919858028675e-01 6.005086094210400072e-01 6.679534860008452535e-01 6.175707634405548374e-01 6.520532658183175734e-01 1.860801633351172879e-01 5.021153758309879894e-02
1.217430523690601757e-01 3.282009186079203888e-01 5.932852349933434022e-01 6.644169617668995720e-01 6.118137726801903264e-01 6.756743897336633387e-01 1.793861136214944529e-01 4.959148113433668043e-02
1.190638682525374942e-01 3.260915294428928246e-01 5.894566171069147709e-01 6.592913333506921214e-01 6.014993470716398782e-01 6.854815548016166549e-01 1.731823391765157649e-01 4.907432511472384351e-02
1.150205904990202199e-01 3.244168546026754418e-01 5.873032648324413296e-01 6.523919783688801877e-01 5.904395065191817560e-01 6.924113235104613073e-01 1.682817581337763824e-01 4.887640960361689518e-02
1.103273731446866995e-01 3.223323120685973597e-01 5.832827859512776936e-01 6.460246184371938316e-01 5.791432857065788031e-01 7.003882562407989232e-01 1.635305842002145460e-01 4.875050569850517684e-02
1.055872871018815051e-01 3.194220146097948021e-01 5.775480651001155818e-01 6.410193480988942705e-01 5.636581862205612969e-01 7.063240559491713588e-01 1.575447843187646191e-01 4.838328404582101228e-02
1.011759811190968417e-01 3.156909887889463029e-01 5.721904102555138705e-01 6.345430480079158331e-01 5.453470632955702557e-01 7.079345159076700922e-01 1.508891966665830142e-01 4.785010504361788403e-02
9.759718732124092466e-02 3.112117698602351323e-01 5.670521877159695467e-01 6.254850086435872480e-01 5.301245536290466465e-01 7.144813272848801189e-01 1.444084003147047268e-01 4.727807050337907296e-02
9.553305205463909211e-02 3.063927494230100912e-01 5.616141171687016875e-01 6.162654805451900364e-01 5.194750705101713883e-01 7.285296256160942452e-01 1.380556980710422321e-01 4.658770979104023130e-02
9.544123921716540782e-02 3.022034828647845450e-01 5.571845655271641107e-01 6.082189903875980796e-01 5.107698580604953520e-01 7.432448351385724239e-01 1.322229148307749735e-01 4.585384879687057907e-02
9.726691240902697599e-02 2.993988488315949548e-01 5.541616948171635970e-01 5.982198592185052899e-01 5.065631339035787661e-01 7.529829567316623784e-01 1.281516992138470867e-01 4.540009355166817889e-02
1.008027278539937593e-01 2.985085975004388437e-01 5.507988202155484903e-01 5.812848433363877465e-01 5.062729016513257685e-01 7.592872009402522604e-01 1.245243589721891503e-01 4.499938813985571856e-02
1.056777105218663082e-01 3.000506709080686396e-01 5.469911526508721700e-01 5.579241408649090461e-01 5.067566885355939688e-01 7.602562721002262824e-01 1.198463209070404073e-01 4.429810017954117357e-02
1.113096383848657389e-01 3.034314832278148799e-01 5.451407470549020085e-01 5.332605243881719526e-01 5.048365493065738452e-01 7.395392174463307766e-01 1.147090442185518394e-01 4.339901478061650164e-02
1.172275755060161045e-01 3.059255698418935632e-01 5.436287380898837673e-01 5.101940372281161817e-01 4.956301796580462327e-01 6.869575788467918720e-01 1.103718253670907257e-01 4.259792497972977876e-02
1.226724522988270893e-01 3.037210412700248052e-01 5.364581875174194714e-01 4.896328815965365622e-01 4.774654294930339993e-01 6.100000817458075542e-01 1.070947877089467176e-01 4.202340300147767299e-02
1.267199183375778415e-01 2.950037034195670538e-01 5.211897020311730966e-01 4.731224192315023336e-01 4.478956299933040675e-01 5.382868076386363443e-01 1.035049844171512939e-01 4.144497086712449485e-02
1.299271344785449256e-01 2.846425650024193565e-01 5.047212229564168595e-01 4.618754423010748011e-01 4.174740169320137473e-01 4.997130296209267852e-01 9.993158019768451361e-02 4.090578369387930929e-02
1.336377328823911415e-01 2.798098024818121421e-01 4.960054971501053900e-01 4.545178993010690061e-01 4.054319748953556513e-01 4.874826785458154510e-01 9.739691944499925813e-02 4.060075936424696608e-02
1.375835551304690763e-01 2.799010440837250702e-01 4.937235100497424645e-01 4.482211754454645258e-01 4.071690027759131136e-01 4.820265068283727250e-01 9.510244600180649266e-02 4.035752760675444251e-02
1.407834440514864893e-01 2.808687747426968362e-01 4.921189762436524728e-01 4.410720241535867059e-01 4.102153158310193892e-01 4.753275268574365109e-01 9.300062426594588039e-02 4.017167778436273040e-02
1.430496402536130529e-01 2.813705826565993107e-01 4.891947411826748082e-01 4.316349912505038078e-01 4.131950820337138008e-01 4.677615650043106532e-01 9.115518185220587710e-02 4.002698692266173225e-02
1.445604180062410871e-01 2.813036497506018474e-01 4.847926736333965092e-01 4.181587071301273717e-01 4.135917206115387046e-01 4.598358692292248695e-01 8.951988551008967232e-02 3.987120041919468144e-02
1.454693341729798306e-01 2.808175376275069413e-01 4.791792005662324772e-01 3.996698474576099169e-01 4.122058935972107152e-01 4.433273822792243579e-01 8.841023979316345316e-02 3.976747254312306551e-02
1.459098727119287897e-01 2.802730553745699238e-01 4.733339042004563457e-01 3.787280809467354348e-01 4.037534587646872120e-01 4.084646175945779167e-01 8.778564248439227335e-02 3.983473026071730760e-02
1.459086715990950966e-01 2.800944203985515357e-01 4.685763175561931670e-01 3.599200282597773137e-01 3.904518700368135864e-01 3.732360720756996986e-01 8.777153650859716161e-02 4.010167916144406070e-02
1.454258788383267775e-01 2.806670214339559988e-01 4.657951247861550903e-01 3.456531210027526946e-01 3.852772995138691314e-01 3.573613362915782909e-01 8.824250228492709625e-02 4.036437111941584138e-02
1.444909110726104173e-01 2.822238971095719640e-01 4.653663251017070568e-01 3.361982311518144639e-01 3.868149650418625241e-01 3.506546357416463477e-01 8.897292552290063383e-02 4.053970183630391938e-02
1.432175643373049811e-01 2.848029330068773679e-01 4.672470949744695345e-01 3.312489124009548869e-01 3.897503236293980433e-01 3.435259615113794296e-01 8.972228434175189005e-02 4.064493101642223383e-02
1.417708442992254569e-01 2.883505886380848815e-01 4.708812228471525585e-01 3.296580737529415384e-01 3.940290398803343863e-01 3.416611835759693627e-01 9.026299800859821643e-02 4.067071675396598945e-02
1.402995374364885972e-01 2.926471808744553482e-01 4.753730119147370758e-01 3.296132593986199066e-01 4.004757581030936597e-01 3.446217519814482322e-01 9.056643385770841992e-02 4.060170390854432598e-02
1.389322291118611219e-01 2.973762497334237476e-01 4.800993291209146308e-01 3.300422685944195411e-01 4.074755186362236103e-01 3.435949518543222059e-01 9.096486933003883335e-02 4.054360437334453976e-02
1.377089743540129418e-01 3.022460575151074136e-01 4.847743918877154834e-01 3.306972247334274417e-01 4.116931116628643195e-01 3.402472819576968233e-01 9.172219919441138014e-02 4.061747905043632673e-02
1.365532180386749839e-01 3.070161320905994140e-01 4.892504003435148019e-01 3.316408564065506104e-01 4.141692259552707256e-01 3.385171886850539824e-01 9.274407211487270541e-02 4.079053904638085815e-02
1.354039625421541437e-01 3.114726637209913607e-01 4.933736355217616110e-01 3.327492963803818649e-01 4.187086895581639823e-01 3.374048051978768004e-01 9.382631578573984166e-02 4.098615509711572846e-02
1.342789131649580747e-01 3.155155815698718058e-01 4.970085460295224355e-01 3.336729233637970027e-01 4.264910103026832711e-01 3.383106428045676295e-01 9.482657305022794414e-02 4.117478901374255901e-02
1.332421315182591437e-01 3.192474220447051869e-01 5.001214215371589944e-01 3.341718596522179063e-01 4.362461971358406743e-01 3.386190901929747032e-01 9.574289556819683134e-02 4.136148912561497110e-02
1.323999145349749051e-01 3.228929780365476510e-01 5.028188431694656790e-01 3.342844654794684955e-01 4.432521057029811251e-01 3.358914949645371850e-01 9.665167029420397571e-02 4.156519974934593659e-02
1.318322335419622737e-01 3.267643375188614141e-01 5.052771812265867135e-01 3.340522636932095057e-01 4.484394391930353607e-01 3.334228358382884672e-01 9.765715902513735780e-02 4.181256240902037069e-02
1.315644999227585377e-01 3.312114450780895836e-01 5.076964893140456514e-01 3.334603047692015765e-01 4.565937285540976887e-01 3.305559457467406315e-01 9.876051133359307899e-02 4.210048909760568531e-02
1.315749891971909058e-01 3.364903065792744785e-01 5.103079169859034980e-01 3.327187841759855491e-01 4.656243265860948721e-01 3.273157012056841508e-01 9.982379763833328090e-02 4.240097018029551079e-02
1.317184084010196432e-01 3.426063793647293743e-01 5.132206071387682700e-01 3.322284954582912508e-01 4.710921002105422084e-01 3.258412571294997950e-01 1.008435598089585106e-01 4.271352166377075793e-02
1.318235025273006289e-01 3.494212760037803678e-01 5.164061446617620454e-01 3.322959658571009722e-01 4.745994110797506771e-01 3.251031478008188369e-01 1.018714793511706213e-01 4.302627030592882929e-02
1.317310508899301735e-01 3.567106215237846323e-01 5.197362483303624714e-01 3.328944929584552459e-01 4.788937450037084043e-01 3.249315673027948215e-01 1.028711484694270761e-01 4.331934148169080956e-02
1.312240611123714484e-01 3.640156081869531102e-01 5.228909498463396588e-01 3.336510114653077341e-01 4.850106311207765253e-01 3.249049160299651295e-01 1.038085690164537583e-01 4.358173437464353539e-02
1.301167600222016274e-01 3.708629161431175603e-01 5.255179064165594882e-01 3.341839651840398662e-01 4.922792471729260377e-01 3.215330750483718081e-01 1.046975913485177490e-01 4.382979295656657531e-02
1.283265209369990889e-01 3.771837159423450103e-01 5.275520448601490608e-01 3.344543052838631070e-01 4.957879262789391950e-01 3.156024546738799841e-01 1.056044213860821146e-01 4.409137573537653260e-02
1.258298107135606414e-01 3.831332691896514597e-01 5.290422349562530213e-01 3.345146556690213324e-01 4.948811413795763392e-01 3.079848864260955055e-01 1.065877405897460023e-01 4.437050149849547376e-02
1.226577263722441052e-01 3.888367980201124507e-01 5.300001204850569581e-01 3.343235322238403140e-01 4.937134888708362701e-01 2.947465613785523186e-01 1.077145869273635481e-01 4.471458946769368142e-02
1.189431780547867135e-01 3.945838200945093743e-01 5.306346350550181779e-01 3.339760862956664411e-01 4.923465319903063686e-01 2.803662310323650209e-01 1.089503946966727116e-01 4.514473609490030764e-02
1.148286198669068725e-01 4.007244723875480474e-01 5.312388673706823772e-01 3.336589109903879691e-01 4.940713698594276782e-01 2.723232764978871789e-01 1.101282740718040193e-01 4.559603847610516070e-02
1.103964986081419075e-01 4.073760441875521887e-01 5.319236038711764314e-01 3.334804771803551726e-01 5.004087461626786082e-01 2.684451792874426035e-01 1.112208586229125329e-01 4.603424443638676200e-02
1.057136861315820381e-01 4.144738309471407423e-01 5.326460273353845754e-01 3.334560600729711277e-01 5.062593921691946885e-01 2.661142858881142548e-01 1.123117116968077867e-01 4.647831943142091693e-02
1.008483149254667116e-01 4.219635159381399658e-01 5.333957435758550636e-01 3.336127636104032068e-01 5.106651436997140525e-01 2.642734596524314861e-01 1.133910965432956830e-01 4.698905113065137557e-02
9.588851429549406780e-02 4.297724274423441737e-01 5.341652944610608689e-01 3.339503849233100286e-01 5.132932558976631698e-01 2.612614765981899900e-01 1.143758897189881829e-01 4.756879485912419991e-02
9.094295904209867554e-02 4.377387093023962228e-01 5.348813850517964985e-01 3.343975063378874513e-01 5.140973020463621701e-01 2.582215909952075839e-01 1.152313426478818043e-01 4.814443264741869594e-02
8.611724774850551545e-02 4.458330456031138200e-01 5.355367693720465283e-01 3.349231936376242391e-01 5.154181544861178299e-01 2.572272420342693877e-01 1.160548661679691035e-01 4.870141881104215337e-02
8.149484297924602938e-02 4.541364821027008558e-01 5.362048231367220197e-01 3.355401492826127208e-01 5.181704981764407858e-01 2.544766082413509323e-01 1.169323918714709892e-01 4.926219506516842789e-02
7.711907690606450982e-02 4.626719862545925488e-01 5.369784079323225434e-01 3.362990970094311693e-01 5.210623882159938214e-01 2.503989951838817563e-01 1.178514587802664826e-01 4.983465529943160999e-02
7.300114773702966187e-02 4.714422817324347426e-01 5.379503384062135352e-01 3.373472958468252125e-01 5.225420529457469598e-01 2.491526764159436580e-01 1.187578972090693047e-01 5.037208363744989648e-02
6.913674627004794127e-02 4.805759621466978437e-01 5.392432320580967664e-01 3.389104638604790165e-01 5.248314836359893043e-01 2.505716269902214521e-01 1.195645572585717631e-01 5.079156948043193204e-02
6.552551219006282068e-02 4.902206097525395045e-01 5.409240091466773759e-01 3.410723503553469982e-01 5.266814796819768718e-01 2.524928707219861734e-01 1.202924887476175403e-01 5.112335135194501917e-02
6.218281980888337723e-02 5.002710680028520374e-01 5.428396934554701181e-01 3.435890520303711559e-01 5.263612444201501983e-01 2.550173298253341492e-01 1.210029809964242448e-01 5.149199956647215054e-02
5.912451873085947801e-02 5.104374723150552073e-01 5.446791753863455821e-01 3.460602248025473893e-01 5.218479422693167447e-01 2.562981833910757956e-01 1.216307787610930446e-01 5.194110847324705238e-02
5.636918549270980572e-02 5.204688618989234961e-01 5.462103322791176385e-01 3.482416626221438438e-01 5.116510481140730260e-01 2.549605175090153830e-01 1.221714275651264586e-01 5.243357230956244980e-02
5.393351000949768437e-02 5.301834369896089028e-01 5.473181180900538179e-01 3.500803830534768291e-01 5.031848368060303223e-01 2.552263370216017457e-01 1.227714506082170226e-01 5.295928290467195182e-02
5.179776816974682868e-02 5.393711428606935421e-01 5.479085605787477053e-01 3.515929248552099318e-01 4.991045443278576133e-01 2.578714473402197171e-01 1.234661590100925715e-01 5.352090602929173574e-02
4.992199722745716689e-02 5.479362570976092917e-01 5.479863794058478232e-01 3.528360730012445878e-01 4.961817750414196926e-01 2.592264524771976109e-01 1.240003328859429488e-01 5.405651062516063365e-02
4.825721380824581075e-02 5.559832364330646870e-01 5.477188507727556166e-01 3.539225098333921848e-01 4.902449643018587655e-01 2.578587601687744035e-01 1.242237018521974018e-01 5.450719750069337594e-02
4.673699604694848270e-02 5.637109464706696604e-01 5.473374941716100395e-01 3.549855088660019975e-01 4.806386060391778514e-01 2.557026072080223478e-01 1.243293784604546925e-01 5.491116615258181954e-02
4.531620488437120703e-02 5.713082471253286831e-01 5.470078433821433661e-01 3.561116915549359940e-01 4.723307449627480170e-01 2.536743177776405456e-01 1.245052170812510767e-01 5.532542280711189031e-02
4.395521544895607258e-02 5.789503494236910575e-01 5.468062898271000005e-01 3.573246504538293289e-01 4.669119517814597220e-01 2.520005139175858222e-01 1.247810679610938528e-01 5.576631992308489494e-02
4.259866493257774556e-02 5.868243266544000969e-01 5.467820430852011748e-01 3.586254146746745697e-01 4.624281891726156890e-01 2.511958737516428730e-01 1.249899109396269969e-01 5.621880408906630711e-02
4.121527030154496785e-02 5.950539451242078393e-01 5.469637418467904189e-01 3.600154438114291366e-01 4.593104399166542673e-01 2.511575185488204576e-01 1.250133048705781291e-01 5.662707171531795175e-02
3.981010924695002617e-02 6.036815329690866649e-01 5.473514182677119422e-01 3.614978474467154812e-01 4.580961012660323406e-01 2.508319185763879799e-01 1.248908820833375122e-01 5.694821108679071209e-02
3.840448591399989869e-02 6.127085596962680292e-01 5.479381231444103717e-01 3.630777277184788487e-01 4.569962346610129122e-01 2.512865909540989429e-01 1.247075200847226617e-01 5.723062507217620970e-02
3.701285112116920600e-02 6.220849018654024398e-01 5.487094040549952423e-01 3.647544172050778410e-01 4.558620784874615195e-01 2.520504858258578729e-01 1.245904846031855306e-01 5.757629489192250816e-02
3.563435401598832181e-02 6.316486007533400615e-01 5.496360825629609259e-01 3.665229174554393565e-01 4.561222906962923984e-01 2.524346342863290626e-01 1.245326599364356135e-01 5.798255242010001004e-02
3.427030441822914025e-02 6.411626965173322645e-01 5.506922057069500998e-01 3.683816490084922401e-01 4.574490843264150119e-01 2.524084738944216699e-01 1.244410689858869712e-01 5.837148567194118398e-02
3.293931813456483365e-02 6.504400077747600761e-01 5.518670240381123859e-01 3.703293337494125703e-01 4.582056882154055821e-01 2.525745515316025203e-01 1.242912474632364844e-01 5.871339246054404354e-02
3.165953974489713746e-02 6.594287806365137783e-01 5.531656715420535386e-01 3.723611488339647613e-01 4.591697274306151266e-01 2.542969787524483882e-01 1.240848944593238856e-01 5.901192162004609970e-02
3.042846047923899316e-02 6.681735509174903109e-01 5.545993990944333429e-01 3.744684500129757398e-01 4.602392560911997554e-01 2.555783060916341221e-01 1.238149659235952549e-01 5.928109601230658471e-02
2.924000571806444765e-02 6.767242292089130640e-01 5.561744206412044811e-01 3.766417421606145788e-01 4.602643870984431396e-01 2.561188070932796101e-01 1.235437471793261327e-01 5.955347333507458180e-02
2.810071439689000930e-02 6.851008648362857389e-01 5.578862857704998124e-01 3.788718394992012795e-01 4.600802202987919198e-01 2.575750889185551284e-01 1.233090230799943066e-01 5.981827135895336628e-02
2.702250352302513689e-02 6.933017230270159814e-01 5.597210434020005732e-01 3.811523072973948545e-01 4.596711901687495772e-01 2.594637660772698418e-01 1.230813744051247188e-01 6.005348555125660653e-02
2.601234658966805613e-02 7.013258667643812450e-01 5.616701460886263098e-01 3.834823067587258549e-01 4.576363088213730723e-01 2.613065688710752843e-01 1.229110128098848675e-01 6.029171759143070464e-02
2.506717618569707928e-02 7.091689300139687457e-01 5.637259547911404045e-01 3.858621617065955411e-01 4.557945138878390368e-01 2.634448808270842823e-01 1.228283127691971177e-01 6.055010367768635243e-02
2.417539905533742928e-02 7.168177512446295419e-01 5.658753139513474917e-01 3.882884998622141426e-01 4.564391713761613012e-01 2.662670293652801279e-01 1.227137130188096781e-01 6.081152147500806793e-02
2.332080967280137501e-02 7.242636107533890755e-01 5.681075616831271491e-01 3.907583333279779914e-01 4.592747322258106113e-01 2.694198954705502302e-01 1.224287673409742427e-01 6.104165327453854595e-02
2.249401966608106582e-02 7.315037433373552389e-01 5.704207011716203590e-01 3.932721808874469760e-01 4.604456684400927702e-01 2.706907894252304492e-01 1.219899589217095098e-01 6.123486155954291354e-02
2.170602855351092680e-02 7.385349258046846055e-01 5.728223104092847739e-01 3.958305982612714269e-01 4.577838997184418557e-01 2.687409072338736715e-01 1.215242071349888625e-01 6.140885532349433379e-02
2.097411327686949170e-02 7.453534348303413326e-01 5.753186363254952918e-01 3.984305127280826087e-01 4.544111028297234123e-01 2.664991505637983593e-01 1.211395910293664308e-01 6.159019820961880720e-02
2.030638803593136713e-02 7.519607565412111949e-01 5.779116718191500413e-01 4.010683947294865215e-01 4.503760821798395986e-01 2.658805051774790207e-01 1.209048091945564007e-01 6.182028052149778075e-02
1.970760183751534694e-02 7.583627546168824063e-01 5.806043659574681159e-01 4.037440483668869873e-01 4.474173254567525015e-01 2.655485799618200193e-01 1.208528130841640125e-01 6.211025590814359815e-02
1.918067140923248107e-02 7.645628146303891093e-01 5.833990827197073070e-01 4.064577137253625461e-01 4.454367318024131106e-01 2.654953838396354460e-01 1.209097984142564614e-01 6.242191219471019542e-02
1.873119439760831395e-02 7.705651922289785682e-01 5.863012989059800395e-01 4.092110297152000142e-01 4.423874492214626697e-01 2.661612948894120922e-01 1.209282498872389922e-01 6.271951992371004037e-02
1.836841379983121525e-02 7.763771254483842199e-01 5.893121014299409488e-01 4.120038079497427286e-01 4.419089205054239633e-01 2.668899644434338803e-01 1.208275410782426451e-01 6.301012642313910672e-02
1.809736266733886351e-02 7.820065791701535929e-01 5.924288619909894305e-01 4.148343365093541402e-01 4.438672654694995057e-01 2.671792714655393808e-01 1.207227148770607383e-01 6.333220561319093111e-02
1.791354143095632775e-02 7.874577005232179516e-01 5.956493695332168992e-01 4.177012817427389058e-01 4.443901916782971862e-01 2.674711571594707848e-01 1.207495152610646300e-01 6.371550405423018204e-02
1.781322411218137433e-02 7.927317076342870195e-01 5.989616042792198503e-01 4.205994633601075061e-01 4.448954773232561832e-01 2.681636149494410204e-01 1.210118687547034194e-01 6.421031057429696376e-02
1.780456604645756433e-02 7.978261473991602459e-01 6.023499175652026194e-01 4.235234705143511302e-01 4.500208873802707954e-01 2.705775588627208350e-01 1.214681983482813060e-01 6.466214570572441367e-02
1.789376826365357206e-02 8.027353301644009065e-01 6.058015929133575561e-01 4.264680355698525216e-01 4.568840600302217503e-01 2.746475132060490210e-01 1.219560546359246267e-01 6.495463265547055109e-02
1.808276160211324396e-02 8.074586953384823573e-01 6.093119527016437331e-01 4.294309074994139830e-01 4.619192091423673374e-01 2.776536049921777827e-01 1.223471983685707337e-01 6.520302129370920963e-02
1.837923705706741295e-02 8.120016577890111220e-01 6.128834125234366992e-01 4.324139201088445517e-01 4.659059663298648624e-01 2.792314707610676350e-01 1.226136998360163183e-01 6.548251244707918584e-02
1.878900717035723172e-02 8.163717393556385593e-01 6.165172139564601972e-01 4.354182893999198334e-01 4.697364096822959634e-01 2.799687489392470585e-01 1.228501244425810324e-01 6.581882103748497304e-02
1.931008000404722813e-02 8.205762542206868071e-01 6.202173333577911674e-01 4.384469447106742468e-01 4.733330585001881419e-01 2.791038164273030309e-01 1.231650464469124101e-01 6.620221261518367817e-02
1.993725598363553508e-02 8.246197637373061662e-01 6.239841998738036022e-01 4.415004953118711883e-01 4.757339016720600333e-01 2.771845663973819263e-01 1.236790439941122810e-01 6.664894657374449694e-02
2.066355368693671354e-02 8.285055455650067735e-01 6.278154426757971418e-01 4.445778659207086925e-01 4.801304406441842532e-01 2.764817739417991804e-01 1.242667927898218200e-01 6.713692174003856039e-02
2.147767951324907817e-02 8.322390037860379897e-01 6.317124020713249521e-01 4.476805222607999069e-01 4.859689124641894953e-01 2.772495189430459472e-01 1.247476615012603207e-01 6.762500067863111419e-02
2.236231585718331458e-02 8.358272659355333589e-01 6.356713036931623817e-01 4.508076183667799608e-01 4.913963600828944456e-01 2.780824399543186942e-01 1.251685602779530615e-01 6.810831527539232266e-02
2.329840907755298049e-02 8.392787070420595352e-01 6.396892966456464436e-01 4.539580981243964142e-01 4.955717588147643404e-01 2.795661679238396480e-01 1.255776054336318059e-01 6.859013197995204869e-02
2.426700812213127695e-02 8.425998023048346663e-01 6.437644123478473146e-01 4.571308561217123367e-01 4.996144166933799702e-01 2.816434990585801601e-01 1.258843465488648783e-01 6.904255892060422173e-02
2.525303614152525633e-02 8.457921718926048049e-01 6.478844740545902647e-01 4.603194389927544039e-01 5.025045376336204628e-01 2.829709144580589975e-01 1.260416742219378494e-01 6.945039192704992315e-02
2.625556119169202007e-02 8.488581404909968375e-01 6.520361646593251237e-01 4.635163937001265388e-01 5.033043813364329599e-01 2.840019372405164777e-01 1.261392005457279974e-01 6.984765977347549837e-02
2.728326372080865786e-02 8.518041775281888217e-01 6.562152287439074749e-01 4.667207913608961145e-01 5.030367096226997514e-01 2.837799985050856733e-01 1.262478660413815512e-01 7.024941286029516563e-02
2.834754713096893780e-02 8.546366044494791980e-01 6.604248466557371966e-01 4.699338466228711320e-01 5.021809650412962789e-01 2.830091472153214993e-01 1.264638400954978259e-01 7.067145214309167311e-02
2.946455139335852139e-02 8.573633977572822085e-01 6.646690596134606777e-01 4.731570302234776593e-01 4.993052466371510900e-01 2.827175733829490611e-01 1.268644275549628553e-01 7.113923134341419707e-02
3.066227224780575938e-02 8.599958713035249502e-01 6.689514886049374720e-01 4.763942131869699503e-01 4.952091227572296139e-01 2.815600873708243856e-01 1.274642626637302600e-01 7.167204891095814434e-02
3.198254043004678665e-02 8.625444432748392565e-01 6.732752969556244915e-01 4.796488597568795420e-01 4.903489447435726567e-01 2.810293667928924766e-01 1.283817475193981539e-01 7.230690550861923471e-02
3.346802109277379617e-02 8.650207039082500327e-01 6.776551573597170419e-01 4.829437652079247578e-01 4.864630609631658831e-01 2.811255182307043077e-01 1.297403737181420935e-01 7.308287243719070736e-02
3.515897275051010212e-02 8.674406435962097595e-01 6.821253387443497740e-01 4.863286083914942770e-01 4.836712976043653356e-01 2.803977188962029632e-01 1.316022476540321118e-01 7.403561736316061070e-02
3.708977050950916510e-02 8.698199945135938194e-01 6.867171597921309933e-01 4.898545667713066765e-01 4.807717835026330544e-01 2.794788542526048247e-01 1.339536406946894298e-01 7.514467952206156653e-02
3.930402181564457420e-02 8.721638019561266386e-01 6.914349082536196400e-01 4.935334834432993367e-01 4.774338595484219905e-01 2.791620916256443707e-01 1.362944161113727182e-01 7.618746018133641662e-02
4.185491952341790362e-02 8.745135090352301743e-01 6.963923426291213081e-01 4.975444454788731652e-01 4.780770613155385096e-01 2.804728379828521634e-01 1.381172759589925636e-01 7.698598585569144115e-02
4.477434322995401533e-02 8.768097117126127937e-01 7.014039066983197568e-01 5.016109893919294960e-01 4.813163811835652339e-01 2.832181830749758711e-01 1.395395919332960699e-01 7.765450175280516620e-02
4.807062869980341380e-02 8.790046369172683782e-01 7.063062569415535785e-01 5.054922461908205600e-01 4.829745668656035829e-01 2.860140823611861949e-01 1.408024432156461947e-01 7.831484458205581478e-02
5.174465978672624505e-02 8.811502973074600842e-01 7.112266205822335152e-01 5.093993506934731963e-01 4.890786208700392823e-01 2.880482395342072177e-01 1.419840536202432169e-01 7.896060643948894786e-02
5.580357768413845426e-02 8.832493733356693300e-01 7.161521954390828171e-01 5.133179085977715994e-01 4.932197246654652090e-01 2.884947550678327866e-01 1.430476914506932096e-01 7.952987896193261519e-02
6.026608219770343555e-02 8.853685451063951772e-01 7.212734865471873702e-01 5.175474332679297351e-01 4.953420875169031734e-01 2.888526426328940633e-01 1.440301652825016487e-01 8.002634958541167409e-02
6.516213229269574025e-02 8.874495242774135262e-01 7.264127005175596841e-01 5.218036949564158755e-01 4.968187586058921412e-01 2.889447154698505105e-01 1.450321800336271394e-01 8.053469834811322059e-02
7.050981805231994193e-02 8.894339581796464334e-01 7.313882274465958178e-01 5.257926150999033821e-01 4.971653049263172197e-01 2.884918499187561491e-01 1.461072244041015378e-01 8.111215773744875901e-02
7.631091339138662555e-02 8.913815158597971910e-01 7.363833266083347207e-01 5.298032583205113388e-01 4.971367795972266301e-01 2.898241229361855353e-01 1.472790427346949149e-01 8.176299852080486097e-02
8.256871742902889555e-02 8.933586121773815503e-01 7.416080307308522412e-01 5.341725395414619326e-01 4.956195428728957797e-01 2.911561555300491433e-01 1.484538931299854703e-01 8.241292038247223506e-02
8.929245359334384013e-02 8.953009819320945084e-01 7.468597726766769140e-01 5.385736934934903797e-01 4.947431780732003959e-01 2.916863562686655698e-01 1.495188552881226707e-01 8.297590812347865885e-02
9.648898000217098758e-02 8.971460857252935295e-01 7.519326049766296149e-01 5.426728088296680630e-01 4.928341694878528023e-01 2.918531063193643971e-01 1.504169667047618453e-01 8.343099893778548048e-02
1.041648088097930636e-01 8.989588441155526022e-01 7.570298090462411755e-01 5.467988187815453482e-01 4.894918674344956866e-01 2.923512356975224158e-01 1.512104301044490673e-01 8.382415485461615356e-02
1.123327642106369678e-01 9.007399345057069961e-01 7.621518143099251796e-01 5.509519259744828368e-01 4.892152860416237870e-01 2.928177969752231435e-01 1.519949302203752184e-01 8.423085751728937032e-02
1.209925138275254330e-01 9.025600816225691769e-01 7.675338138214378159e-01 5.555279025299669771e-01 4.929170540017959734e-01 2.923739227790603801e-01 1.527243069674592002e-01 8.468922619874783009e-02
1.301212215564269137e-01 9.043465685255442921e-01 7.729323247717223566e-01 5.601388223560556101e-01 4.909500182990079731e-01 2.915417894525483278e-01 1.533264604185977098e-01 8.513562061378643353e-02
1.396886390232116304e-01 9.060303408310150797e-01 7.781013566053742725e-01 5.643835335943014897e-01 4.859163127243396607e-01 2.910077076059171541e-01 1.537620795758021242e-01 8.544195869082718553e-02
1.496742312951797882e-01 9.076802156063210614e-01 7.832652792375806028e-01 5.686393543502130665e-01 4.846606965493346353e-01 2.912535574365763269e-01 1.540982871146701627e-01 8.560603865596323747e-02
1.600646889405520912e-01 9.092940056214882105e-01 7.884150903922979570e-01 5.729009391160212461e-01 4.798644705095888030e-01 2.916513468600904768e-01 1.544423630886273269e-01 8.573674228326796931e-02
1.708458557454426152e-01 9.109433700115976418e-01 7.938072273910182775e-01 5.776074897421489274e-01 4.741554985102707787e-01 2.929063023696473755e-01 1.548371754223663299e-01 8.591140661717971971e-02
1.819740767136442117e-01 9.125583110004489296e-01 7.991941636276540528e-01 5.823424808704107392e-01 4.723486622653091938e-01 2.936023666181547531e-01 1.551686817353232495e-01 8.609332325257844365e-02
1.934020491344250192e-01 9.140705930548860270e-01 8.043234178906197851e-01 5.866714466958126151e-01 4.730061429112709104e-01 2.930041040437174615e-01 1.553251470625093833e-01 8.620561576929774983e-02
2.050945465181666372e-01 9.155494686725844655e-01 8.094461660430417593e-01 5.910178954666791551e-01 4.724997620237662010e-01 2.921722234501344384e-01 1.553686030726582623e-01 8.621896961331899922e-02
2.170259857267700099e-01 9.170679876960127208e-01 8.148448248985598052e-01 5.958727915264301345e-01 4.733567153309103381e-01 2.917986525402598841e-01 1.553673479641114741e-01 8.611812876170080178e-02
2.291474887207001765e-01 9.185475671047919066e-01 8.202356511240662673e-01 6.007559153750736680e-01 4.793403134863266080e-01 2.920626116534387196e-01 1.553629199307777764e-01 8.590660053114919370e-02
2.413810031785260657e-01 9.199145626409052090e-01 8.253388433554320613e-01 6.051837785297751182e-01 4.803324158667069410e-01 2.907340400016464876e-01 1.554423420542540568e-01 8.563283996337084369e-02
2.536699977540837203e-01 9.212367039480259256e-01 8.304232568928429092e-01 6.096295015785404559e-01 4.732309886206322869e-01 2.885969257085104767e-01 1.555716313063615630e-01 8.534512321966986059e-02
2.659452645531586445e-01 9.225099320094718447e-01 8.354834023020725198e-01 6.140894541771533266e-01 4.678670721914452990e-01 2.872680751113477204e-01 1.556277191809694316e-01 8.508483590910362326e-02
2.781805197766037407e-01 9.238054491720043560e-01 8.408210441764060183e-01 6.191090000633904245e-01 4.643779018656405411e-01 2.866872024393169460e-01 1.555435868624124307e-01 8.489518527990908003e-02
2.903260876385804212e-01 9.250436647697568571e-01 8.461231689637563891e-01 6.241462360549989707e-01 4.654598718438943683e-01 2.876467965997696608e-01 1.554052805311263441e-01 8.481392841052143305e-02
3.023431135801483705e-01 9.261527945366603287e-01 8.510832822034093414e-01 6.286550320137982428e-01 4.690849166058378983e-01 2.890956002375810741e-01 1.554408052532443296e-01 8.487625057008388318e-02
3.142751407861116841e-01 9.272037612435979348e-01 8.559953090496958961e-01 6.331640545151967503e-01 4.705907900463513482e-01 2.913313411958997068e-01 1.556832558697418545e-01 8.506286147538917597e-02
3.261194996446952765e-01 9.281963329641840232e-01 8.608630695672440103e-01 6.376827780272732449e-01 4.758163238999104649e-01 2.949134147363316472e-01 1.559595028788645643e-01 8.529775874324792284e-02
3.378847913052522300e-01 9.292031763805574940e-01 8.660210621546411414e-01 6.428326622863879125e-01 4.823076841238572721e-01 2.989968829353592539e-01 1.561277086941305070e-01 8.552038559386228311e-02
3.494954862679197638e-01 9.301441835402236569e-01 8.711241379169940569e-01 6.479976547974045653e-01 4.865460774370693464e-01 3.022575101188513802e-01 1.562519869953418739e-01 8.573526927895945560e-02
3.608821217488138999e-01 9.309474339158403389e-01 8.758373594114822192e-01 6.525587113442811171e-01 4.887988193937654602e-01 3.045164602143420884e-01 1.564102182588277823e-01 8.593227237391416751e-02
3.720769995866821667e-01 9.316835820407722846e-01 8.804867880286418869e-01 6.571173951338503683e-01 4.887606544531324926e-01 3.075807647630634523e-01 1.567020661371894275e-01 8.613494477012738348e-02
3.831024992728888079e-01 9.324220935913843933e-01 8.854218398756564801e-01 6.623370373802454081e-01 4.882679734918769499e-01 3.121179519376460765e-01 1.572776916074223041e-01 8.640828845907908007e-02
3.938734030362276428e-01 9.330882537215405836e-01 8.902909670600521741e-01 6.675630879188400035e-01 4.912012832021624975e-01 3.168393381615563498e-01 1.579877890737273471e-01 8.673625107455239236e-02
4.042979153054712116e-01 9.336160064779901457e-01 8.947524615425219707e-01 6.721408589610337048e-01 4.959037465977592651e-01 3.204518331226743344e-01 1.588757298628658554e-01 8.720347021147159539e-02
4.143991744208098682e-01 9.340718045766280841e-01 8.991449677678843289e-01 6.767196316907719833e-01 5.001340726489204025e-01 3.242040717180981746e-01 1.599469177755645510e-01 8.783599853893789278e-02
4.241570333312182361e-01 9.344533366651484041e-01 9.034636934469060243e-01 6.812955023673186172e-01 5.023845212088311474e-01 3.293090213694699342e-01 1.608901771647496814e-01 8.848006464565146001e-02
4.336347081848822005e-01 9.348215544739840732e-01 9.080676747491920331e-01 6.865805422199142694e-01 5.060817874096774638e-01 3.349691252028521027e-01 1.615612662089203067e-01 8.894860941740619087e-02
4.427413985803915764e-01 9.351061745855026031e-01 9.125901002702629938e-01 6.918684067219333933e-01 5.107558139385394158e-01 3.407293447324329927e-01 1.619862633121958995e-01 8.915778207113451981e-02
4.513785209433719414e-01 9.352476135025785675e-01 9.166754515958744909e-01 6.964529270912125369e-01 5.151332446322653968e-01 3.461054638453346377e-01 1.622830585906174239e-01 8.922970121136919452e-02
4.596177401967155851e-01 9.353056806420939617e-01 9.206728830175615608e-01 7.010327363262730538e-01 5.199385935210204535e-01 3.497969628091529004e-01 1.625462186070381898e-01 8.929375670135770993e-02
4.674659429144990552e-01 9.352784010709654927e-01 9.245766436713592773e-01 7.056035869507235603e-01 5.194562118716899990e-01 3.540344743329862376e-01 1.627082567009416891e-01 8.933891925831785596e-02
4.750289231468332596e-01 9.352185332481035562e-01 9.287534652359187293e-01 7.109267848094471542e-01 5.182368390119987955e-01 3.594812071434146938e-01 1.627987922796133025e-01 8.934970923791199504e-02
4.821752242799637878e-01 9.350648071168885522e-01 9.328202734688832987e-01 7.162336339732957580e-01 5.193490582291095947e-01 3.638366191566201335e-01 1.630811812136990502e-01 8.941501157475770234e-02
4.887596832577328909e-01 9.347698998981421870e-01 9.364139473977393102e-01 7.207661170451407084e-01 5.173950075727049569e-01 3.676541660965788050e-01 1.635810805240582588e-01 8.955802960976849691e-02
4.948746134625570670e-01 9.343898975257977080e-01 9.399021827464242307e-01 7.252842025174756069e-01 5.148850620977077908e-01 3.717427972062424257e-01 1.642409874456458307e-01 8.978240612302516854e-02
5.006549859781775913e-01 9.339726451544448915e-01 9.436639902186768625e-01 7.305976431125884574e-01 5.184058235305791795e-01 3.777700653822164134e-01 1.650385714673265891e-01 9.008785264143154281e-02
5.059472782207782293e-01 9.334667050629955609e-01 9.473156951335178766e-01 7.359011638160131152e-01 5.234823030586378545e-01 3.838245627016766970e-01 1.659044500277248313e-01 9.042139372977624212e-02
5.105867820239788912e-01 9.328336719487806405e-01 9.504913366943125164e-01 7.403940259158273696e-01 5.277242868574399948e-01 3.886202182037311603e-01 1.668360043902925305e-01 9.075111985133933745e-02
5.147086761808903344e-01 9.321197760964965440e-01 9.535607784195693215e-01 7.448679652488973124e-01 5.343408955300674723e-01 3.935125245582476450e-01 1.678608537614726115e-01 9.106539247371289725e-02
5.183136737788054393e-01 9.313247606264966061e-01 9.565224027542800211e-01 7.493205700697020966e-01 5.401106042579726374e-01 3.982108309115128253e-01 1.689476190160913716e-01 9.134746393852589963e-02
5.216286542155695871e-01 9.304811567265734995e-01 9.597626493327016117e-01 7.546219568883574258e-01 5.462032791396187470e-01 4.038361165746048864e-01 1.701509523343604502e-01 9.164033081812704429e-02
5.245649144621702398e-01 9.295469767972275310e-01 9.629025042308071436e-01 7.599397954951710998e-01 5.559217382461069112e-01 4.077238948215002323e-01 1.716572616038606891e-01 9.205731279725497263e-02
5.270275015891523473e-01 9.284939579334483550e-01 9.655867310151288185e-01 7.644592819686208962e-01 5.624259973179924765e-01 4.114780625688871374e-01 1.734925347484080338e-01 9.261248995492026015e-02
5.292520186168734320e-01 9.273527194747694935e-01 9.681972090792120289e-01 7.690457548988827163e-01 5.689406702935005944e-01 4.161495993923471914e-01 1.755864207140575561e-01 9.320980591601250864e-02
5.314571242778779459e-01 9.261405434311611451e-01 9.710872794053614365e-01 7.745358849247859778e-01 5.777308475486890860e-01 4.201220278454139145e-01 1.776737529700530838e-01 9.366604878386888822e-02
5.334791476303959445e-01 9.248280478921856451e-01 9.738550867540552991e-01 7.800076396018710279e-01 5.818720090694952107e-01 4.254034290182728273e-01 1.793858588563230771e-01 9.379838132701938391e-02
5.351474336251115238e-01 9.234013602088089190e-01 9.761404809016046569e-01 7.845941651379489956e-01 5.870390823353328624e-01 4.311538609339343742e-01 1.806372099579826584e-01 9.363116649554420468e-02
5.366726194240158954e-01 9.218797841931551940e-01 9.783102195000830115e-01 7.891660100745335749e-01 5.918988426004252457e-01 4.373786992946268604e-01 1.816331203955522389e-01 9.336928398058354228e-02
5.380486497963460346e-01 9.202639619976815677e-01 9.803602798635914217e-01 7.937142318432270915e-01 5.942906738674101907e-01 4.434280024689175592e-01 1.826581390786652936e-01 9.321633243329546792e-02
5.395093072841328219e-01 9.185571759702997330e-01 9.826494618087184829e-01 7.991426641555227084e-01 5.987494553585327450e-01 4.482095132653350911e-01 1.838831276564419914e-01 9.330533721477399234e-02
5.408387747806983059e-01 9.167508230528373936e-01 9.848001077489295652e-01 8.045256431475547032e-01 6.032521238454530144e-01 4.538236205496863351e-01 1.854104271479839472e-01 9.369245955522464975e-02
5.417994602614353283e-01 9.148513927140591306e-01 9.864674451592012616e-01 8.089677311859680975e-01 6.071380999879697482e-01 4.607992615737425135e-01 1.871589029003497273e-01 9.429173637529472685e-02
5.426179084481476123e-01 9.128626627965625850e-01 9.880126286490849008e-01 8.133782067112566017e-01 6.131066814160638367e-01 4.685529298106554386e-01 1.889308784581323064e-01 9.495823524320275155e-02
5.432902255510193568e-01 9.107893852113494448e-01 9.894358732226572473e-01 8.177532042590218708e-01 6.234261579429738465e-01 4.763111044539768413e-01 1.906710303302859288e-01 9.563211446218508605e-02
5.440767119365170768e-01 9.086206007778884208e-01 9.910887226927349580e-01 8.230372034963644445e-01 6.323468522249930945e-01 4.830887002352637349e-01 1.924444910925998953e-01 9.632892798776437893e-02
5.447308137907900250e-01 9.063728213747985762e-01 9.926072744803211556e-01 8.282651745298156287e-01 6.389858616618755427e-01 4.909686153303093326e-01 1.943900429604282498e-01 9.710397849856111652e-02
5.450091466381977723e-01 9.040771171283877861e-01 9.936671601608937365e-01 8.325137842197869453e-01 6.451519377275518607e-01 4.997643558678281916e-01 1.966114842951418029e-01 9.799176225902161974e-02
5.451948272922446659e-01 9.017191461530978946e-01 9.946225741316333524e-01 8.367309841721684016e-01 6.522741344968717714e-01 5.089107979295439677e-01 1.990036633016623036e-01 9.893638479450202194e-02
5.455907164491745620e-01 8.992673253894185592e-01 9.958101914775570052e-01 8.418804165670841222e-01 6.649840218109458467e-01 5.181603704098246554e-01 2.014552416667962642e-01 9.989595930479723551e-02
5.459280921321336688e-01 8.967499100553988356e-01 9.968823163771417528e-01 8.469895957876967252e-01 6.770787713982518996e-01 5.268434475680773277e-01 2.039987229426912796e-01 1.008863159097803525e-01
5.459345216442365034e-01 8.942121638887798873e-01 9.975233253944298939e-01 8.511109777151480982e-01 6.881671381133552812e-01 5.364679204293741899e-01 2.067267695431548313e-01 1.019398763137212977e-01
5.458937047914973473e-01 8.916189478310596606e-01 9.980613250688955551e-01 8.551945160609132346e-01 7.012740773375796266e-01 5.464190802541841752e-01 2.097944085103448097e-01 1.031189656327481941e-01
5.458154051823863595e-01 8.889708635526246683e-01 9.985026540877879331e-01 8.592566603972814354e-01 7.144312888572742493e-01 5.561490417361464322e-01 2.133750384727290672e-01 1.044708065076232206e-01
5.460021048266328059e-01 8.862127685914924502e-01 9.991441102937900220e-01 8.642301557283736946e-01 7.271804932464703830e-01 5.658764996759101384e-01 2.173473231437563769e-01 1.059375389717494009e-01
5.461714684480957205e-01 8.833939705617951388e-01 9.996748087674873773e-01 8.691690601348903700e-01 7.411882989158048440e-01 5.754594051905320695e-01 2.213218974333757694e-01 1.073790480982527162e-01
5.460485727577307768e-01 8.805813301251617098e-01 9.998250375120963929e-01 8.731781324967948787e-01 7.539855845953018498e-01 5.858205062689656462e-01 2.249802626120930016e-01 1.086747046638174702e-01
5.459299595707464148e-01 8.777195256548873115e-01 9.998810639206431317e-01 8.771611353703896441e-01 7.616800898467438463e-01 5.947650446026531146e-01 2.282129727972792566e-01 1.097838307855302925e-01
5.458196006865990713e-01 8.748111499131172586e-01 9.998381925880794885e-01 8.810960215645250448e-01 7.681212817647087299e-01 6.033709330844218011e-01 2.312199946124638139e-01 1.107699703467184826e-01
5.460466039861326948e-01 8.717730756172545892e-01 9.999747672982748359e-01 8.859578815733631929e-01 7.742711627314310396e-01 6.119597007827670687e-01 2.340776690355076683e-01 1.116812603850560331e-01
5.462937120824569170e-01 8.686812561048654624e-01 1.000000000000000000e+00 8.907612105207006747e-01 7.794828192323357552e-01 6.187496671687903183e-01 2.369049743185399348e-01 1.126242022209353877e-01
5.462510437038994304e-01 8.656326203127562291e-01 9.996624774322369067e-01 8.945562126500812283e-01 7.856900132227561118e-01 6.270303551230174133e-01 2.399907246820557893e-01 1.137600575170453765e-01
5.462509732408883378e-01 8.625440121675346239e-01 9.992328030621100421e-01 8.982977870340276283e-01 7.934019316043924297e-01 6.365915248002472770e-01 2.434572199306034024e-01 1.151603097287714206e-01
5.466551597315757460e-01 8.593084286936333305e-01 9.989599131212296701e-01 9.029611800169023983e-01 8.011632925521735560e-01 6.472631253454245170e-01 2.473410158647993407e-01 1.167893062248057945e-01
5.471715430159937998e-01 8.560240241289651664e-01 9.985850700658573942e-01 9.075771158681091855e-01 8.096096680264401879e-01 6.583977914386848207e-01 2.514967630194155923e-01 1.184728868932113793e-01
5.475103662180310637e-01 8.528101625571083977e-01 9.978917845517527585e-01 9.112180002776192334e-01 8.175533912648307311e-01 6.675350082720997724e-01 2.557505307234320679e-01 1.200633533098781625e-01
5.480005102679802453e-01 8.495652644187942082e-01 9.971070075702044289e-01 9.147709204180253240e-01 8.234311751073645214e-01 6.758856230809884291e-01 2.599222575643276856e-01 1.215202908286213412e-01
5.486651647562661438e-01 8.462873679154323536e-01 9.962386574102869430e-01 9.182664098829469435e-01 8.295913110123930290e-01 6.834540637100613436e-01 2.638276503306877241e-01 1.228386129402422866e-01
5.498497725495447019e-01 8.428355839346363121e-01 9.954934419002916535e-01 9.226722653550998299e-01 8.352290491197456035e-01 6.916076104967124882e-01 2.675208607251644000e-01 1.240660852982229112e-01
5.511902096254993610e-01 8.393423409160475357e-01 9.946455207010713728e-01 9.269824605762078118e-01 8.387014655019399134e-01 7.003327631046538659e-01 2.713304279858086976e-01 1.253245114078823108e-01
5.524249485786656422e-01 8.359289645460611373e-01 9.935682623391035584e-01 9.305266264077270977e-01 8.434543503509494000e-01 7.072302974637472150e-01 2.755672670316438588e-01 1.266874828252197160e-01
5.538070457902571908e-01 8.324842885765955103e-01 9.924153481762890694e-01 9.340098341389972969e-01 8.499906467184669134e-01 7.145101975532628380e-01 2.804649901051693428e-01 1.282046016723155935e-01
5.555949795400570990e-01 8.288740669864701482e-01 9.913083937974496163e-01 9.381176496433175638e-01 8.551126986508377215e-01 7.218150829737379759e-01 2.861073162878712273e-01 1.299291752052842697e-01
5.575216291431311921e-01 8.252283055986004978e-01 9.901062156277287141e-01 9.421220709066414623e-01 8.585419575327544184e-01 7.299420388231805390e-01 2.922943356471442988e-01 1.318438813409676391e-01
5.592856037045512707e-01 8.217252127775603876e-01 9.886857891726356096e-01 9.451745565299797258e-01 8.630393318491774712e-01 7.391579645304379165e-01 2.989024092483486550e-01 1.339595187275492705e-01
5.612233180752609352e-01 8.181983758394899553e-01 9.871974550180281360e-01 9.481579282502496930e-01 8.694392915730781990e-01 7.495953149838517904e-01 3.057110582305267443e-01 1.362300988045917760e-01
5.633362679484374969e-01 8.146482280508844376e-01 9.856430330950536334e-01 9.510728594075161801e-01 8.763634295263836860e-01 7.612331666216631820e-01 3.124853802125510116e-01 1.385722414629666221e-01
5.659552618764239762e-01 8.108695067207324358e-01 9.841183503116689435e-01 9.547646755483689684e-01 8.859105227835974983e-01 7.718305479832225924e-01 3.190804290456194514e-01 1.409364415232997325e-01
5.687523969723385919e-01 8.070548204815418680e-01 9.825000550706610714e-01 9.583409649695556753e-01 8.958056735075220489e-01 7.829501798503051280e-01 3.252437885709157928e-01 1.432603517824324879e-01
5.714229077106701693e-01 8.034218781381091690e-01 9.807257378339861997e-01 9.610078884022151824e-01 9.036079963061171005e-01 7.934322789819953092e-01 3.309474372788238083e-01 1.455411107851221075e-01
5.742879491760242150e-01 7.997645741943956166e-01 9.788873155609643106e-01 9.636067174434158611e-01 9.127181795583478863e-01 8.023276405983803539e-01 3.365559462841540839e-01 1.478575142229044959e-01
5.773653352727020627e-01 7.960719416328931874e-01 9.769873692649236885e-01 9.661915958520103098e-01 9.214883480361053536e-01 8.115465986716122737e-01 3.424832148194761339e-01 1.502863553367854432e-01
5.809712579109689301e-01 7.920877153223599976e-01 9.750500201827149160e-01 9.695670362790930197e-01 9.286630466238651183e-01 8.198967309845421880e-01 3.489122065272000084e-01 1.528451291429761549e-01
5.847880811732151241e-01 7.880386292659120606e-01 9.730132637695384501e-01 9.729124651202051277e-01 9.367906508716243863e-01 8.275868258415528533e-01 3.558775758180557913e-01 1.555652619113265800e-01
5.885191731426386852e-01 7.841923651212951984e-01 9.708836358274582912e-01 9.754679476592917897e-01 9.440946731844889195e-01 8.349121904594654087e-01 3.631711870684247168e-01 1.584102440914990639e-01
5.924293188858561487e-01 7.803239239380189707e-01 9.686793889205593810e-01 9.778926687041833432e-01 9.495150203560752677e-01 8.411457850751355991e-01 3.706165003615277675e-01 1.613288790033122477e-01
5.967629766150083226e-01 7.761676925761763490e-01 9.663569591153466920e-01 9.807909652877238038e-01 9.553834405194311374e-01 8.493165079926877636e-01 3.781427774543459353e-01 1.643297297712467686e-01
6.012670713389431931e-01 7.719691755385670318e-01 9.639226415995907349e-01 9.835158784306449187e-01 9.620593289970507112e-01 8.577359079205167935e-01 3.856140267204696270e-01 1.673678022588842851e-01
6.057283296278619389e-01 7.680083953464716950e-01 9.614550505843025840e-01 9.855244103326734617e-01 9.682600320506854485e-01 8.640457030449708586e-01 3.929930922750363154e-01 1.704161933260928130e-01
6.103751397839244364e-01 7.640218553664644974e-01 9.589094759430737414e-01 9.874065785698248332e-01 9.737220883561050755e-01 8.705517977130097229e-01 4.003063714765754399e-01 1.735154831396766850e-01
6.152082197880278658e-01 7.600034417468883863e-01 9.562855607317707340e-01 9.891801073904293862e-01 9.769998821560005320e-01 8.762704685090674239e-01 4.074749172036049027e-01 1.766701722673655606e-01
6.203925520036314145e-01 7.556581080557512875e-01 9.534625604520003961e-01 9.912829531534246286e-01 9.781394125005588025e-01 8.813946665306492401e-01 4.142765554785743376e-01 1.798222213721578366e-01
6.257150882914865875e-01 7.512712574169554403e-01 9.505333222350876854e-01 9.931903263849062302e-01 9.800878780546680158e-01 8.865687216109829905e-01 4.205169472308270540e-01 1.829097636680517003e-01
6.310256878397778602e-01 7.471474286587388436e-01 9.476542540383144919e-01 9.945357488236867827e-01 9.822022984286663538e-01 8.911519652561022964e-01 4.259789269338087325e-01 1.858329706748516330e-01
6.364713639287187252e-01 7.429945410100686765e-01 9.446985186004442925e-01 9.957457879584499238e-01 9.836068485435324193e-01 8.969901349331200757e-01 4.303829704418916102e-01 1.884659614732885624e-01
6.420215309049485120e-01 7.388708212761770922e-01 9.417005464433237938e-01 9.967585551639767116e-01 9.853959126529551193e-01 9.025612023843863074e-01 4.335991511632941164e-01 1.907434155907768991e-01
6.477355641781120665e-01 7.345463654075191640e-01 9.385124014180492580e-01 9.977903244074379785e-01 9.859243747737200803e-01 9.073378090204801127e-01 4.356252156556247868e-01 1.926368100522980187e-01
6.534788914026341544e-01 7.304040333916134164e-01 9.353689715688475736e-01 9.984813743135332320e-01 9.841905471532318428e-01 9.119182181205360838e-01 4.367700645071775911e-01 1.942371026835832681e-01
