0.000000000000000000e+00 0.000000000000000000e+00 0.000000000000000000e+00 9.475409339480064949e-05 9.475409339480064949e-05 9.475409339480064949e-05 9.475409339480064949e-05 9.475409339480064949e-05
0.000000000000000000e+00 1.742425284099891210e-05 1.742425284099891210e-05 2.427097241280625221e-04 2.427097241280625221e-04 2.427097241280625221e-04 2.427097241280625221e-04 2.427097241280625221e-04
0.000000000000000000e+00 4.370371581318820836e-05 4.370371581318820836e-05 3.663357142843333089e-04 3.663357142843333089e-04 3.663357142843333089e-04 3.663357142843333089e-04 3.663357142843333089e-04
1.109498353734821987e-05 7.991510731989459886e-05 7.991510731989459886e-05 4.730551540458079597e-04 4.730551540458079597e-04 4.730551540458079597e-04 4.730551540458079597e-04 4.730551540458079597e-04
2.059434677916410658e-05 1.251634432691412489e-04 1.251634432691412489e-04 5.662542068590036438e-04 5.662542068590036438e-04 5.662542068590036438e-04 5.662542068590036438e-04 5.662542068590036438e-04
3.372807152457270216e-05 1.787135441294850351e-04 1.787135441294850351e-04 6.480636945029226654e-04 6.480636945029226654e-04 6.480636945029226654e-04 6.480636945029226654e-04 6.480636945029226654e-04
5.082406234161003717e-05 2.399059221690527904e-04 2.399059221690527904e-04 7.200185140135150234e-04 7.200185140135150234e-04 7.200185140135150234e-04 7.200185140135150234e-04 7.200185140135150234e-04
7.216260418119059669e-05 3.081208688970319049e-04 3.081208688970319049e-04 7.833090493365790297e-04 7.833090493365790297e-04 7.833090493365790297e-04 7.833090493365790297e-04 7.833090493365790297e-04
9.798206251945174472e-05 3.827608780899981211e-04 3.827608780899981211e-04 8.389015500693346693e-04 8.389015500693346693e-04 8.389015500693346693e-04 8.389015500693346693e-04 8.389015500693346693e-04
1.284820719044910088e-04 4.632415254871019442e-04 4.632415254871019442e-04 8.876045012561380046e-04 8.876045012561380046e-04 8.876045012561380046e-04 8.876045012561380046e-04 8.876045012561380046e-04
1.638253059197550070e-04 5.489867508770957492e-04 5.489867508770957492e-04 9.301089628548314756e-04 9.301089628548314756e-04 9.301089628548314756e-04 9.301089628548314756e-04 9.301089628548314756e-04
2.041384093545788828e-04 6.394266281369320216e-04 6.394266281369320216e-04 9.670149138734972574e-04 9.670149138734972574e-04 9.670149138734972574e-04 9.670149138734972574e-04 9.670149138734972574e-04
2.495124309547689062e-04 7.339966230811414754e-04 7.339966230811414754e-04 9.988494328451440630e-04 9.988494328451440630e-04 9.988494328451440630e-04 9.988494328451440630e-04 9.988494328451440630e-04
3.000029688306310146e-04 8.321377744260703008e-04 8.321377744260703008e-04 1.026079804531664650e-03 1.026079804531664650e-03 1.026079804531664650e-03 1.026079804531664650e-03 1.026079804531664650e-03
3.556301696669069974e-04 9.332974584691294470e-04 9.332974584691294470e-04 1.049123308574541683e-03 1.049123308574541683e-03 1.049123308574541683e-03 1.049123308574541683e-03 1.049123308574541683e-03
4.163786804705152389e-04 1.036930522614094288e-03 1.036930522614094288e-03 1.068354745592485847e-03 1.068354745592485847e-03 1.068354745592485847e-03 1.068354745592485847e-03 1.068354745592485847e-03
4.821976247957901018e-04 1.142500645578723361e-03 1.142500645578723361e-03 1.084112365519323065e-03 1.084112365519323065e-03 1.084112365519323065e-03 1.084112365519323065e-03 1.084112365519323065e-03
5.530006575535062171e-04 1.249481826605418431e-03 1.249481826605418431e-03 1.096702633620856267e-03 1.096702633620856267e-03 1.096702633620856267e-03 1.096702633620856267e-03 1.096702633620856267e-03
6.286661400199047975e-04 1.357359934365389570e-03 1.357359934365389570e-03 1.106404129103490987e-03 1.106404129103490987e-03 1.106404129103490987e-03 1.106404129103490987e-03 1.106404129103490987e-03
7.090374674533652223e-04 1.465634265036132311e-03 1.465634265036132311e-03 1.113470781912447635e-03 1.113470781912447635e-03 1.113470781912447635e-03 1.113470781912447635e-03 1.113470781912447635e-03
7.939235745802955416e-04 1.573819071923934212e-03 1.573819071923934212e-03 1.118134594718546556e-03 1.118134594718546556e-03 1.118134594718546556e-03 1.118134594718546556e-03 1.118134594718546556e-03
8.830996383858540901e-04 1.681445038151535478e-03 1.681445038151535478e-03 1.120607957561592328e-03 1.120607957561592328e-03 1.120607957561592328e-03 1.120607957561592328e-03 1.120607957561592328e-03
9.763079926771714087e-04 1.788060670636439564e-03 1.788060670636439564e-03 1.121085635286918954e-03 1.121085635286918954e-03 1.121085635286918954e-03 1.121085635286918954e-03 1.121085635286918954e-03
1.073259264485332525e-03 1.893233598655069986e-03 1.893233598655069986e-03 1.119746488596582920e-03 1.119746488596582920e-03 1.119746488596582920e-03 1.119746488596582920e-03 1.119746488596582920e-03
1.173633738353201594e-03 1.996551764235148310e-03 1.996551764235148310e-03 1.116754975616214953e-03 1.116754975616214953e-03 1.116754975616214953e-03 1.116754975616214953e-03 1.116754975616214953e-03
1.277082950804254253e-03 2.097624494776586211e-03 2.097624494776586211e-03 1.112262470666786508e-03 1.112262470666786508e-03 1.112262470666786508e-03 1.112262470666786508e-03 1.112262470666786508e-03
1.383231513733868120e-03 2.196083450890199025e-03 2.196083450890199025e-03 1.106408429318235607e-03 1.106408429318235607e-03 1.106408429318235607e-03 1.106408429318235607e-03 1.106408429318235607e-03
1.491679162071077140e-03 2.291583444611591715e-03 2.291583444611591715e-03 1.099321423043744458e-03 1.099321423043744458e-03 1.099321423043744458e-03 1.099321423043744458e-03 1.099321423043744458e-03
1.602003017809276904e-03 2.383803124995512515e-03 2.383803124995512515e-03 1.091120062379200223e-03 1.091120062379200223e-03 1.091120062379200223e-03 1.091120062379200223e-03 1.091120062379200223e-03
1.713760059397224271e-03 2.472445529693326292e-03 2.472445529693326292e-03 1.081913824066527141e-03 1.081913824066527141e-03 1.081913824066527141e-03 1.081913824066527141e-03 1.081913824066527141e-03
1.826489782525991638e-03 2.557238502511514043e-03 2.557238502511514043e-03 1.071803794970589219e-03 1.071803794970589219e-03 1.071803794970589219e-03 1.071803794970589219e-03 1.071803794970589219e-03
1.939717035559509421e-03 2.637934978176532160e-03 2.637934978176532160e-03 1.060883343426540990e-03 1.060883343426540990e-03 1.060883343426540990e-03 1.060883343426540990e-03 1.060883343426540990e-03
2.052955010256805792e-03 2.714313136615183458e-03 2.714313136615183458e-03 1.049238726966351780e-03 1.049238726966351780e-03 1.049238726966351780e-03 1.049238726966351780e-03 1.049238726966351780e-03
2.165708366047101180e-03 2.786176430017758398e-03 2.786176430017758398e-03 1.036949643992835955e-03 1.036949643992835955e-03 1.036949643992835955e-03 1.036949643992835955e-03 1.036949643992835955e-03
2.277476463969474885e-03 2.853353486796265503e-03 2.853353486796265503e-03 1.024089735844574238e-03 1.024089735844574238e-03 1.024089735844574238e-03 1.024089735844574238e-03 1.024089735844574238e-03
2.387756684502462517e-03 2.915697897292014208e-03 2.915697897292014208e-03 1.010727044771186217e-03 1.010727044771186217e-03 1.010727044771186217e-03 1.010727044771186217e-03 1.010727044771186217e-03
2.496047801909972823e-03 2.973087886733024373e-03 2.973087886733024373e-03 9.969244325740017360e-04 9.969244325740017360e-04 9.969244325740017360e-04 9.969244325740017360e-04 9.969244325740017360e-04
2.601853386440906076e-03 3.025425881498202112e-03 3.025425881498202112e-03 9.827399640304067697e-04 9.827399640304067697e-04 9.827399640304067697e-04 9.827399640304067697e-04 9.827399640304067697e-04
2.704685204760874564e-03 3.072637975216983147e-03 3.072637975216983147e-03 9.682272586862809447e-04 9.682272586862809447e-04 9.682272586862809447e-04 9.682272586862809447e-04 9.682272586862809447e-04
2.804066588382110418e-03 3.114673301624437327e-03 3.114673301624437327e-03 9.534358141506744846e-04 9.534358141506744846e-04 9.534358141506744846e-04 9.534358141506744846e-04 9.534358141506744846e-04
2.899535739604836536e-03 3.151503321406639961e-03 3.151503321406639961e-03 9.384113036449411114e-04 9.384113036449411114e-04 9.384113036449411114e-04 9.384113036449411114e-04 9.384113036449411114e-04
2.990648944598710713e-03 3.183121030513170243e-03 3.183121030513170243e-03 9.231958502328465026e-04 9.231958502328465026e-04 9.231958502328465026e-04 9.231958502328465026e-04 9.231958502328465026e-04
3.076983663740112500e-03 3.209540097586421024e-03 3.209540097586421024e-03 9.078282798790613967e-04 9.078282798790613967e-04 9.078282798790613967e-04 9.078282798790613967e-04 9.078282798790613967e-04
3.158141470179065546e-03 3.230793938264748481e-03 3.230793938264748481e-03 8.923443552430749669e-04 8.923443552430749669e-04 8.923443552430749669e-04 8.923443552430749669e-04 8.923443552430749669e-04
3.233750808832089492e-03 3.246934734161805499e-03 3.246934734161805499e-03 8.767769919076995409e-04 8.767769919076995409e-04 8.767769919076995409e-04 8.767769919076995409e-04 8.767769919076995409e-04
3.303469549572714443e-03 3.258032404311565679e-03 3.258032404311565679e-03 8.611564585607484751e-04 8.611564585607484751e-04 8.611564585607484751e-04 8.611564585607484751e-04 8.611564585607484751e-04
3.366987310303281872e-03 3.264173536801226721e-03 3.264173536801226721e-03 8.455105624910220228e-04 8.455105624910220228e-04 8.455105624910220228e-04 8.455105624910220228e-04 8.455105624910220228e-04
3.424027527817956502e-03 3.265460288196261537e-03 3.265460288196261537e-03 8.298648216218921939e-04 8.298648216218921939e-04 8.298648216218921939e-04 8.298648216218921939e-04 8.298648216218921939e-04
3.474349256881212322e-03 3.262009258197376849e-03 3.262009258197376849e-03 8.142426241847047514e-04 8.142426241847047514e-04 8.142426241847047514e-04 8.142426241847047514e-04 8.142426241847047514e-04
3.517748680717239316e-03 3.253950346761927143e-03 3.253950346761927143e-03 7.986653770275004179e-04 7.986653770275004179e-04 7.986653770275004179e-04 7.986653770275004179e-04 7.986653770275004179e-04
3.554060319098504509e-03 3.241425600676546299e-03 3.241425600676546299e-03 7.831526434601720392e-04 7.831526434601720392e-04 7.831526434601720392e-04 7.831526434601720392e-04 7.831526434601720392e-04
3.583157923397380703e-03 3.224588056287389700e-03 3.224588056287389700e-03 7.677222714535100398e-04 7.677222714535100398e-04 7.677222714535100398e-04 7.677222714535100398e-04 7.677222714535100398e-04
3.604955051281426553e-03 3.203600584783579657e-03 3.203600584783579657e-03 7.523905129351184497e-04 7.523905129351184497e-04 7.523905129351184497e-04 7.523905129351184497e-04 7.523905129351184497e-04
3.619405317146368647e-03 3.178634746092102656e-03 3.178634746092102656e-03 7.371721348588048100e-04 7.371721348588048100e-04 7.371721348588048100e-04 7.371721348588048100e-04 7.371721348588048100e-04
3.626502317845198275e-03 3.149869657082631814e-03 3.149869657082631814e-03 7.220805226646717949e-04 7.220805226646717949e-04 7.220805226646717949e-04 7.220805226646717949e-04 7.220805226646717949e-04
3.626279236740151402e-03 3.117490879402356595e-03 3.117490879402356595e-03 7.071277766939245563e-04 7.071277766939245563e-04 7.071277766939245563e-04 7.071277766939245563e-04 7.071277766939245563e-04
3.618808132529612552e-03 3.081689331867750164e-03 3.081689331867750164e-03 6.923248020745888416e-04 6.923248020745888416e-04 6.923248020745888416e-04 6.923248020745888416e-04 6.923248020745888416e-04
3.604198922637599865e-03 3.042660231935899288e-03 3.042660231935899288e-03 6.776813925512747624e-04 6.776813925512747624e-04 6.776813925512747624e-04 6.776813925512747624e-04 6.776813925512747624e-04
3.582598074154262364e-03 3.000602070366235191e-03 3.000602070366235191e-03 6.632063086932848614e-04 6.632063086932848614e-04 6.632063086932848614e-04 6.632063086932848614e-04 6.632063086932848614e-04
3.554187018338616968e-03 2.955715622767456779e-03 2.955715622767456779e-03 6.489073508802046652e-04 6.489073508802046652e-04 6.489073508802046652e-04 6.489073508802046652e-04 6.489073508802046652e-04
3.519180307499037742e-03 2.908203001307485634e-03 2.908203001307485634e-03 6.347914274323220680e-04 6.347914274323220680e-04 6.347914274323220680e-04 6.347914274323220680e-04 6.347914274323220680e-04
3.477823535616137492e-03 2.858266749449375754e-03 2.858266749449375754e-03 6.208646182243130482e-04 6.208646182243130482e-04 6.208646182243130482e-04 6.208646182243130482e-04 6.208646182243130482e-04
3.430391046333363010e-03 2.806108982166063189e-03 2.806108982166063189e-03 6.071322340943850716e-04 6.071322340943850716e-04 6.071322340943850716e-04 6.071322340943850716e-04 6.071322340943850716e-04
3.377183453884935894e-03 2.751930573684285061e-03 2.751930573684285061e-03 5.935988723371563719e-04 5.935988723371563719e-04 5.935988723371563719e-04 5.935988723371563719e-04 5.935988723371563719e-04
3.318525004135053531e-03 2.695930394415365847e-03 2.695930394415365847e-03 5.802684685467368857e-04 5.802684685467368857e-04 5.802684685467368857e-04 5.802684685467368857e-04 5.802684685467368857e-04
3.254760804148868359e-03 2.638304598349958726e-03 2.638304598349958726e-03 5.671443450565549467e-04 5.671443450565549467e-04 5.671443450565549467e-04 5.671443450565549467e-04 5.671443450565549467e-04
3.186253949592183100e-03 2.579245961827240224e-03 2.579245961827240224e-03 5.542292562042596803e-04 5.542292562042596803e-04 5.542292562042596803e-04 5.542292562042596803e-04 5.542292562042596803e-04
3.113382579756680639e-03 2.518943274238211183e-03 2.518943274238211183e-03 5.415254306333246300e-04 5.415254306333246300e-04 5.415254306333246300e-04 5.415254306333246300e-04 5.415254306333246300e-04
3.036536890130051968e-03 2.457580780889118566e-03 2.457580780889118566e-03 5.290346108276803780e-04 5.290346108276803780e-04 5.290346108276803780e-04 5.290346108276803780e-04 5.290346108276803780e-04
2.956116132180771055e-03 2.395337677935885801e-03 2.395337677935885801e-03 5.167580900616388934e-04 5.167580900616388934e-04 5.167580900616388934e-04 5.167580900616388934e-04 5.167580900616388934e-04
2.872525629416118088e-03 2.332387659004825104e-03 2.332387659004825104e-03 5.046967469344508213e-04 5.046967469344508213e-04 5.046967469344508213e-04 5.046967469344508213e-04 5.046967469344508213e-04
2.786173837815464870e-03 2.268898512839747326e-03 2.268898512839747326e-03 4.928510776469319492e-04 4.928510776469319492e-04 4.928510776469319492e-04 4.928510776469319492e-04 4.928510776469319492e-04
2.697469477459787934e-03 2.205031771061372829e-03 2.205031771061372829e-03 4.812212261666488780e-04 4.812212261666488780e-04 4.812212261666488780e-04 4.812212261666488780e-04 4.812212261666488780e-04
2.606818760598436126e-03 2.140942404892229398e-03 2.140942404892229398e-03 4.698070124180204251e-04 4.698070124180204251e-04 4.698070124180204251e-04 4.698070124180204251e-04 4.698070124180204251e-04
2.514622739544924209e-03 2.076778569489209740e-03 2.076778569489209740e-03 4.586079586243710544e-04 4.586079586243710544e-04 4.586079586243710544e-04 4.586079586243710544e-04 4.586079586243710544e-04
2.421274795707915525e-03 2.012681394336711393e-03 2.012681394336711393e-03 4.476233139203405348e-04 4.476233139203405348e-04 4.476233139203405348e-04 4.476233139203405348e-04 4.476233139203405348e-04
2.327158288777506426e-03 1.948784817985693132e-03 1.948784817985693132e-03 4.368520773450635655e-04 4.368520773450635655e-04 4.368520773450635655e-04 4.368520773450635655e-04 4.368520773450635655e-04
2.232644382638118447e-03 1.885215465277854420e-03 1.885215465277854420e-03 4.262930193191593969e-04 4.262930193191593969e-04 4.262930193191593969e-04 4.262930193191593969e-04 4.262930193191593969e-04
2.138090062007407931e-03 1.822092565068997652e-03 1.822092565068997652e-03 4.159447017017057612e-04 4.159447017017057612e-04 4.159447017017057612e-04 4.159447017017057612e-04 4.159447017017057612e-04
2.043836351145363484e-03 1.759527906361046208e-03 1.759527906361046208e-03 4.058054965170375763e-04 4.058054965170375763e-04 4.058054965170375763e-04 4.058054965170375763e-04 4.058054965170375763e-04
1.950206743279448741e-03 1.697625830667413242e-03 1.697625830667413242e-03 3.958736034353082687e-04 3.958736034353082687e-04 3.958736034353082687e-04 3.958736034353082687e-04 3.958736034353082687e-04
1.857505846689606627e-03 1.636483258370825594e-03 1.636483258370825594e-03 3.861470660852830126e-04 3.861470660852830126e-04 3.861470660852830126e-04 3.861470660852830126e-04 3.861470660852830126e-04
1.766018250729280278e-03 1.576189746785351632e-03 1.576189746785351632e-03 3.766237872727459931e-04 3.766237872727459931e-04 3.766237872727459931e-04 3.766237872727459931e-04 3.766237872727459931e-04
1.676007612461457826e-03 1.516827577604445282e-03 1.516827577604445282e-03 3.673015431731719129e-04 3.673015431731719129e-04 3.673015431731719129e-04 3.673015431731719129e-04 3.673015431731719129e-04
1.587715962095876451e-03 1.458471871403273787e-03 1.458471871403273787e-03 3.581779965629152481e-04 3.581779965629152481e-04 3.581779965629152481e-04 3.581779965629152481e-04 3.581779965629152481e-04
1.501363223055615344e-03 1.401190726865419491e-03 1.401190726865419491e-03 3.492507091490654842e-04 3.492507091490654842e-04 3.492507091490654842e-04 3.492507091490654842e-04 3.492507091490654842e-04
1.417146940305809332e-03 1.345045382420199465e-03 1.345045382420199465e-03 3.405171530543044524e-04 3.405171530543044524e-04 3.405171530543044524e-04 3.405171530543044524e-04 3.405171530543044524e-04
1.335242208567666983e-03 1.290090398006187066e-03 1.290090398006187066e-03 3.319747215095338847e-04 3.319747215095338847e-04 3.319747215095338847e-04 3.319747215095338847e-04 3.319747215095338847e-04
1.255801790237301993e-03 1.236373854717963102e-03 1.236373854717963102e-03 3.236207388037305906e-04 3.236207388037305906e-04 3.236207388037305906e-04 3.236207388037305906e-04 3.236207388037305906e-04
1.178956411246426337e-03 1.183937570145531188e-03 1.183937570145531188e-03 3.154524695373805759e-04 3.154524695373805759e-04 3.154524695373805759e-04 3.154524695373805759e-04 3.154524695373805759e-04
1.104815221752317774e-03 1.132817327278075456e-03 1.132817327278075456e-03 3.074671272229500727e-04 3.074671272229500727e-04 3.074671272229500727e-04 3.074671272229500727e-04 3.074671272229500727e-04
1.033466407434657005e-03 1.083043114914706553e-03 1.083043114914706553e-03 2.996618822731554155e-04 2.996618822731554155e-04 2.996618822731554155e-04 2.996618822731554155e-04 2.996618822731554155e-04
9.649779363099892857e-04 1.034639377603438493e-03 1.034639377603438493e-03 2.920338694152599737e-04 2.920338694152599737e-04 2.920338694152599737e-04 2.920338694152599737e-04 2.920338694152599737e-04
8.993984253496747905e-04 9.876252732147758947e-04 9.876252732147758947e-04 2.845801945672709211e-04 2.845801945672709211e-04 2.845801945672709211e-04 2.845801945672709211e-04 2.845801945672709211e-04
8.367581107995882006e-04 9.420149363469445571e-04 9.420149363469445571e-04 2.772979412096949516e-04 2.772979412096949516e-04 2.772979412096949516e-04 2.772979412096949516e-04 2.772979412096949516e-04
7.770699059413204660e-04 8.978177458549470042e-04 8.978177458549470042e-04 2.701841762844497930e-04 2.701841762844497930e-04 2.701841762844497930e-04 2.701841762844497930e-04 2.701841762844497930e-04
7.203305300938462425e-04 8.550385948943215429e-04 8.550385948943215429e-04 2.632359556505884583e-04 2.632359556505884583e-04 2.632359556505884583e-04 2.632359556505884583e-04 2.632359556505884583e-04
6.665216929174617956e-04 8.136781619717863229e-04 8.136781619717863229e-04 2.564503291246872201e-04 2.564503291246872201e-04 2.564503291246872201e-04 2.564503291246872201e-04 2.564503291246872201e-04
6.156113185317504130e-04 7.737331815980113409e-04 7.737331815980113409e-04 2.498243451320447412e-04 2.498243451320447412e-04 2.498243451320447412e-04 2.498243451320447412e-04 2.498243451320447412e-04
5.675547945779714065e-04 7.351967132417787073e-04 7.351967132417787073e-04 2.433550549932550705e-04 2.433550549932550705e-04 2.433550549932550705e-04 2.433550549932550705e-04 2.433550549932550705e-04
5.222962321235595246e-04 6.980584073889516648e-04 6.980584073889516648e-04 2.370395168692214461e-04 2.370395168692214461e-04 2.370395168692214461e-04 2.370395168692214461e-04 2.370395168692214461e-04
4.797697232014713179e-04 6.623047676133546682e-04 6.623047676133546682e-04 2.308747993862842168e-04 2.308747993862842168e-04 2.308747993862842168e-04 2.308747993862842168e-04 2.308747993862842168e-04
4.399005837780996047e-04 6.279194076691293602e-04 6.279194076691293602e-04 2.248579849618199424e-04 2.248579849618199424e-04 2.248579849618199424e-04 2.248579849618199424e-04 2.248579849618199424e-04
4.026065710286597012e-04 5.948833027149059201e-04 5.948833027149059201e-04 2.189861728494455655e-04 2.189861728494455655e-04 2.189861728494455655e-04 2.189861728494455655e-04 2.189861728494455655e-04
3.677990649465291456e-04 5.631750338785369804e-04 5.631750338785369804e-04 2.132564819217986024e-04 2.132564819217986024e-04 2.132564819217986024e-04 2.132564819217986024e-04 2.132564819217986024e-04
3.353842055019139201e-04 5.327710254668675729e-04 5.327710254668675729e-04 2.076660532077855763e-04 2.076660532077855763e-04 2.076660532077855763e-04 2.076660532077855763e-04 2.076660532077855763e-04
3.052639777751398878e-04 5.036457742175363744e-04 5.036457742175363744e-04 2.022120522001762913e-04 2.022120522001762913e-04 2.022120522001762913e-04 2.022120522001762913e-04 2.022120522001762913e-04
2.773372387016778402e-04 4.757720700787993287e-04 4.757720700787993287e-04 1.968916709484552785e-04 1.968916709484552785e-04 1.968916709484552785e-04 1.968916709484552785e-04 1.968916709484552785e-04
2.515006802621314432e-04 4.491212080885285843e-04 4.491212080885285843e-04 1.917021299509573591e-04 1.917021299509573591e-04 1.917021299509573591e-04 1.917021299509573591e-04 1.917021299509573591e-04
2.276497251146762722e-04 4.236631910046290096e-04 4.236631910046290096e-04 1.866406798594585133e-04 1.866406798594585133e-04 1.866406798594585133e-04 1.866406798594585133e-04 1.866406798594585133e-04
2.056793517856821889e-04 3.993669224158964974e-04 3.993669224158964974e-04 1.817046030086096053e-04 1.817046030086096053e-04 1.817046030086096053e-04 1.817046030086096053e-04 1.817046030086096053e-04
1.854848475940085173e-04 3.762003901346608337e-04 3.762003901346608337e-04 1.768912147818518473e-04 1.768912147818518473e-04 1.768912147818518473e-04 1.768912147818518473e-04 1.768912147818518473e-04
1.669624884753824761e-04 3.541308397403612578e-04 3.541308397403612578e-04 1.721978648247487250e-04 1.721978648247487250e-04 1.721978648247487250e-04 1.721978648247487250e-04 1.721978648247487250e-04
1.500101457868736031e-04 3.331249382063070411e-04 3.331249382063070411e-04 1.676219381160198028e-04 1.676219381160198028e-04 1.676219381160198028e-04 1.676219381160198028e-04 1.676219381160198028e-04
1.345278210013289681e-04 3.131489276003630211e-04 3.131489276003630211e-04 1.631608559059327202e-04 1.631608559059327202e-04 1.631608559059327202e-04 1.631608559059327202e-04 1.631608559059327202e-04
1.204181099431581861e-04 2.941687689040970019e-04 2.941687689040970019e-04 1.588120765311328410e-04 1.588120765311328410e-04 1.588120765311328410e-04 1.588120765311328410e-04 1.588120765311328410e-04
1.075865988673349908e-04 2.761502760440939048e-04 2.761502760440939048e-04 1.545730961144411119e-04 1.545730961144411119e-04 1.545730961144411119e-04 1.545730961144411119e-04 1.545730961144411119e-04
9.594219524191166515e-05 2.590592402737480694e-04 2.590592402737480694e-04 1.504414491576335498e-04 1.504414491576335498e-04 1.504414491576335498e-04 1.504414491576335498e-04 1.504414491576335498e-04
8.539739656127276121e-05 2.428615450839720499e-04 2.428615450839720499e-04 1.464147090347324410e-04 1.464147090347324410e-04 1.464147090347324410e-04 1.464147090347324410e-04 1.464147090347324410e-04
7.586850089480744229e-05 2.275232718570216321e-04 2.275232718570216321e-04 1.424904883928818002e-04 1.424904883928818002e-04 1.424904883928818002e-04 1.424904883928818002e-04 1.424904883928818002e-04
6.727576316687653183e-05 2.130107965091910095e-04 2.130107965091910095e-04 1.386664394674509996e-04 1.386664394674509996e-04 1.386664394674509996e-04 1.386664394674509996e-04 1.386664394674509996e-04
5.954350137323680738e-05 1.992908773955805852e-04 1.992908773955805852e-04 1.349402543176053107e-04 1.349402543176053107e-04 1.349402543176053107e-04 1.349402543176053107e-04 1.349402543176053107e-04
5.260015707169449564e-05 1.863307347737279320e-04 1.863307347737279320e-04 1.313096649882005719e-04 1.313096649882005719e-04 1.313096649882005719e-04 1.313096649882005719e-04 1.313096649882005719e-04
4.637831454661901201e-05 1.740981221427166756e-04 1.740981221427166756e-04 1.277724436035050670e-04 1.277724436035050670e-04 1.277724436035050670e-04 1.277724436035050670e-04 1.277724436035050670e-04
4.081468304456064243e-05 1.625613897907070672e-04 1.625613897907070672e-04 1.243264023979083856e-04 1.243264023979083856e-04 1.243264023979083856e-04 1.243264023979083856e-04 1.243264023979083856e-04
3.585004641843047765e-05 1.516895408968044418e-04 1.516895408968044418e-04 1.209693936884644240e-04 1.209693936884644240e-04 1.209693936884644240e-04 1.209693936884644240e-04 1.209693936884644240e-04
3.142918440758121242e-05 1.414522805430470183e-04 1.414522805430470183e-04 1.176993097938151795e-04 1.176993097938151795e-04 1.176993097938151795e-04 1.176993097938151795e-04 1.176993097938151795e-04
2.750076962780480944e-05 1.318200579992322564e-04 1.318200579992322564e-04 1.145140829037585059e-04 1.145140829037585059e-04 1.145140829037585059e-04 1.145140829037585059e-04 1.145140829037585059e-04
2.401724415578775459e-05 1.227641026475391017e-04 1.227641026475391017e-04 1.114116849034620099e-04 1.114116849034620099e-04 1.114116849034620099e-04 1.114116849034620099e-04 1.114116849034620099e-04
2.093467937380518793e-05 1.142564539156422138e-04 1.142564539156422138e-04 1.083901271560711651e-04 1.083901271560711651e-04 1.083901271560711651e-04 1.083901271560711651e-04 1.083901271560711651e-04
1.821262249895767239e-05 1.062699855864712636e-04 1.062699855864712636e-04 1.054474602472290902e-04 1.054474602472290902e-04 1.054474602472290902e-04 1.054474602472290902e-04 1.054474602472290902e-04
1.581393296326184472e-05 9.877842485014315236e-05 9.877842485014315236e-05 1.025817736948008254e-04 1.025817736948008254e-04 1.025817736948008254e-04 1.025817736948008254e-04 1.025817736948008254e-04
1.370461154213795857e-05 9.175636645909186577e-05 9.175636645909186577e-05 9.979119562688748568e-05 9.979119562688748568e-05 9.979119562688748568e-05 9.979119562688748568e-05 9.979119562688748568e-05
1.185362485455458979e-05 8.517928234123785160e-05 8.517928234123785160e-05 9.707389243102152148e-05 9.707389243102152148e-05 9.707389243102152148e-05 9.707389243102152148e-05 9.707389243102152148e-05
1.023272758300470028e-05 7.902352701836413550e-05 7.902352701836413550e-05 9.442806837724601534e-05 9.442806837724601534e-05 9.442806837724601534e-05 9.442806837724601534e-05 9.442806837724601534e-05
8.816284489766100367e-06 7.326633916788556243e-05 7.326633916788556243e-05 9.185196521761022318e-05 9.185196521761022318e-05 9.185196521761022318e-05 9.185196521761022318e-05 9.185196521761022318e-05
7.581094041139537686e-06 6.788583965608228465e-05 6.788583965608228465e-05 8.934386176444763150e-05 8.934386176444763150e-05 8.934386176444763150e-05 8.934386176444763150e-05 8.934386176444763150e-05
6.506215196599910370e-06 6.286102635979075402e-05 6.286102635979075402e-05 8.690207344965051185e-05 8.690207344965051185e-05 8.690207344965051185e-05 8.690207344965051185e-05 8.690207344965051185e-05
5.572798677537354735e-06 5.817176608165814820e-05 5.817176608165814820e-05 8.452495186700790923e-05 8.452495186700790923e-05 8.452495186700790923e-05 8.452495186700790923e-05 8.452495186700790923e-05
0.000000000000000000e+00 5.379878385152288338e-05 5.379878385152288338e-05 8.221088429953838088e-05 8.221088429953838088e-05 8.221088429953838088e-05 8.221088429953838088e-05 8.221088429953838088e-05
0.000000000000000000e+00 4.972364989341996813e-05 4.972364989341996813e-05 7.995829323362108282e-05 7.995829323362108282e-05 7.995829323362108282e-05 7.995829323362108282e-05 7.995829323362108282e-05
0.000000000000000000e+00 4.592876452426003937e-05 4.592876452426003937e-05 7.776563586160556841e-05 7.776563586160556841e-05 7.776563586160556841e-05 7.776563586160556841e-05 7.776563586160556841e-05
0.000000000000000000e+00 4.239734123650820778e-05 4.239734123650820778e-05 7.563140357446871949e-05 7.563140357446871949e-05 7.563140357446871949e-05 7.563140357446871949e-05 7.563140357446871949e-05
0.000000000000000000e+00 3.911338820331452902e-05 3.911338820331452902e-05 7.355412144597916243e-05 7.355412144597916243e-05 7.355412144597916243e-05 7.355412144597916243e-05 7.355412144597916243e-05
0.000000000000000000e+00 3.606168843061273389e-05 3.606168843061273389e-05 7.153234770972909768e-05 7.153234770972909768e-05 7.153234770972909768e-05 7.153234770972909768e-05 7.153234770972909768e-05
0.000000000000000000e+00 3.322777876680619495e-05 3.322777876680619495e-05 6.956467323029779011e-05 6.956467323029779011e-05 6.956467323029779011e-05 6.956467323029779011e-05 6.956467323029779011e-05
0.000000000000000000e+00 3.059792796688226926e-05 3.059792796688226926e-05 6.764972096972260527e-05 6.764972096972260527e-05 6.764972096972260527e-05 6.764972096972260527e-05 6.764972096972260527e-05
0.000000000000000000e+00 2.815911399420874199e-05 2.815911399420874199e-05 6.578614545037030472e-05 6.578614545037030472e-05 6.578614545037030472e-05 6.578614545037030472e-05 6.578614545037030472e-05
0.000000000000000000e+00 2.589900072994098343e-05 2.589900072994098343e-05 6.397263221521883286e-05 6.397263221521883286e-05 6.397263221521883286e-05 6.397263221521883286e-05 6.397263221521883286e-05
0.000000000000000000e+00 2.380591424695525793e-05 2.380591424695525793e-05 6.220789728649122490e-05 6.220789728649122490e-05 6.220789728649122490e-05 6.220789728649122490e-05 6.220789728649122490e-05
0.000000000000000000e+00 2.186881879258058617e-05 2.186881879258058617e-05 6.049068662350802191e-05 6.049068662350802191e-05 6.049068662350802191e-05 6.049068662350802191e-05 6.049068662350802191e-05
0.000000000000000000e+00 2.007729261216356198e-05 2.007729261216356198e-05 5.881977558056324687e-05 5.881977558056324687e-05 5.881977558056324687e-05 5.881977558056324687e-05 5.881977558056324687e-05
0.000000000000000000e+00 1.842150373370959638e-05 1.842150373370959638e-05 5.719396836556460108e-05 5.719396836556460108e-05 5.719396836556460108e-05 5.719396836556460108e-05 5.719396836556460108e-05
0.000000000000000000e+00 1.689218582252324555e-05 1.689218582252324555e-05 5.561209750012256791e-05 5.561209750012256791e-05 5.561209750012256791e-05 5.561209750012256791e-05 5.561209750012256791e-05
0.000000000000000000e+00 1.548061420394850540e-05 1.548061420394850540e-05 5.407302328171747135e-05 5.407302328171747135e-05 5.407302328171747135e-05 5.407302328171747135e-05 5.407302328171747135e-05
0.000000000000000000e+00 1.417858214199841847e-05 1.417858214199841847e-05 5.257563324852397514e-05 5.257563324852397514e-05 5.257563324852397514e-05 5.257563324852397514e-05 5.257563324852397514e-05
0.000000000000000000e+00 1.297837745188054385e-05 1.297837745188054385e-05 5.111884164742288547e-05 5.111884164742288547e-05 5.111884164742288547e-05 5.111884164742288547e-05 5.111884164742288547e-05
0.000000000000000000e+00 1.187275951517295212e-05 1.187275951517295212e-05 4.970158890568724037e-05 4.970158890568724037e-05 4.970158890568724037e-05 4.970158890568724037e-05 4.970158890568724037e-05
0.000000000000000000e+00 1.085493675769100044e-05 1.085493675769100044e-05 4.832284110678592787e-05 4.832284110678592787e-05 4.832284110678592787e-05 4.832284110678592787e-05 4.832284110678592787e-05
0.000000000000000000e+00 9.918544641904912014e-06 9.918544641904912014e-06 4.698158947070911842e-05 4.698158947070911842e-05 4.698158947070911842e-05 4.698158947070911842e-05 4.698158947070911842e-05
0.000000000000000000e+00 9.057624218121409335e-06 9.057624218121409335e-06 4.567684983918344230e-05 4.567684983918344230e-05 4.567684983918344230e-05 4.567684983918344230e-05 4.567684983918344230e-05
0.000000000000000000e+00 8.266601271517535257e-06 8.266601271517535257e-06 4.440766216610949111e-05 4.440766216610949111e-05 4.440766216610949111e-05 4.440766216610949111e-05 4.440766216610949111e-05
0.000000000000000000e+00 7.540266095505297481e-06 7.540266095505297481e-06 4.317309001352167587e-05 4.317309001352167587e-05 4.317309001352167587e-05 4.317309001352167587e-05 4.317309001352167587e-05
0.000000000000000000e+00 6.873753915796742013e-06 6.873753915796742013e-06 4.197222005334067923e-05 4.197222005334067923e-05 4.197222005334067923e-05 4.197222005334067923e-05 4.197222005334067923e-05
0.000000000000000000e+00 6.262525983917888619e-06 6.262525983917888619e-06 4.080416157515992639e-05 4.080416157515992639e-05 4.080416157515992639e-05 4.080416157515992639e-05 4.080416157515992639e-05
0.000000000000000000e+00 0.000000000000000000e+00 0.000000000000000000e+00 3.966804600028089596e-05 3.966804600028089596e-05 3.966804600028089596e-05 3.966804600028089596e-05 3.966804600028089596e-05
0.000000000000000000e+00 0.000000000000000000e+00 0.000000000000000000e+00 3.856302640218760909e-05 3.856302640218760909e-05 3.856302640218760909e-05 3.856302640218760909e-05 3.856302640218760909e-05
0.000000000000000000e+00 0.000000000000000000e+00 0.000000000000000000e+00 3.748827703362705413e-05 3.748827703362705413e-05 3.748827703362705413e-05 3.748827703362705413e-05 3.748827703362705413e-05
0.000000000000000000e+00 0.000000000000000000e+00 0.000000000000000000e+00 3.644299286044063314e-05 3.644299286044063314e-05 3.644299286044063314e-05 3.644299286044063314e-05 3.644299286044063314e-05
0.000000000000000000e+00 0.000000000000000000e+00 0.000000000000000000e+00 3.542638910227241154e-05 3.542638910227241154e-05 3.542638910227241154e-05 3.542638910227241154e-05 3.542638910227241154e-05
0.000000000000000000e+00 0.000000000000000000e+00 0.000000000000000000e+00 3.443770078025912144e-05 3.443770078025912144e-05 3.443770078025912144e-05 3.443770078025912144e-05 3.443770078025912144e-05
0.000000000000000000e+00 0.000000000000000000e+00 0.000000000000000000e+00 3.347618227179194144e-05 3.347618227179194144e-05 3.347618227179194144e-05 3.347618227179194144e-05 3.347618227179194144e-05
0.000000000000000000e+00 0.000000000000000000e+00 0.000000000000000000e+00 3.254110687242158309e-05 3.254110687242158309e-05 3.254110687242158309e-05 3.254110687242158309e-05 3.254110687242158309e-05
0.000000000000000000e+00 0.000000000000000000e+00 0.000000000000000000e+00 3.163176636496430261e-05 3.163176636496430261e-05 3.163176636496430261e-05 3.163176636496430261e-05 3.163176636496430261e-05
0.000000000000000000e+00 0.000000000000000000e+00 0.000000000000000000e+00 3.074747059585137919e-05 3.074747059585137919e-05 3.074747059585137919e-05 3.074747059585137919e-05 3.074747059585137919e-05
0.000000000000000000e+00 0.000000000000000000e+00 0.000000000000000000e+00 2.988754705875286148e-05 2.988754705875286148e-05 2.988754705875286148e-05 2.988754705875286148e-05 2.988754705875286148e-05
0.000000000000000000e+00 0.000000000000000000e+00 0.000000000000000000e+00 2.905134048549263797e-05 2.905134048549263797e-05 2.905134048549263797e-05 2.905134048549263797e-05 2.905134048549263797e-05
0.000000000000000000e+00 0.000000000000000000e+00 0.000000000000000000e+00 2.823821244426189236e-05 2.823821244426189236e-05 2.823821244426189236e-05 2.823821244426189236e-05 2.823821244426189236e-05
0.000000000000000000e+00 0.000000000000000000e+00 0.000000000000000000e+00 2.744754094512727769e-05 2.744754094512727769e-05 2.744754094512727769e-05 2.744754094512727769e-05 2.744754094512727769e-05
0.000000000000000000e+00 0.000000000000000000e+00 0.000000000000000000e+00 2.667872005281978935e-05 2.667872005281978935e-05 2.667872005281978935e-05 2.667872005281978935e-05 2.667872005281978935e-05
0.000000000000000000e+00 0.000000000000000000e+00 0.000000000000000000e+00 2.593115950678299839e-05 2.593115950678299839e-05 2.593115950678299839e-05 2.593115950678299839e-05 2.593115950678299839e-05
0.000000000000000000e+00 0.000000000000000000e+00 0.000000000000000000e+00 2.520428434844925421e-05 2.520428434844925421e-05 2.520428434844925421e-05 2.520428434844925421e-05 2.520428434844925421e-05
0.000000000000000000e+00 0.000000000000000000e+00 0.000000000000000000e+00 2.449753455570709862e-05 2.449753455570709862e-05 2.449753455570709862e-05 2.449753455570709862e-05 2.449753455570709862e-05
0.000000000000000000e+00 0.000000000000000000e+00 0.000000000000000000e+00 2.381036468451391112e-05 2.381036468451391112e-05 2.381036468451391112e-05 2.381036468451391112e-05 2.381036468451391112e-05
0.000000000000000000e+00 0.000000000000000000e+00 0.000000000000000000e+00 2.314224351760367138e-05 2.314224351760367138e-05 2.314224351760367138e-05 2.314224351760367138e-05 2.314224351760367138e-05
0.000000000000000000e+00 0.000000000000000000e+00 0.000000000000000000e+00 2.249265372023262369e-05 2.249265372023262369e-05 2.249265372023262369e-05 2.249265372023262369e-05 2.249265372023262369e-05
0.000000000000000000e+00 0.000000000000000000e+00 0.000000000000000000e+00 2.186109150290061338e-05 2.186109150290061338e-05 2.186109150290061338e-05 2.186109150290061338e-05 2.186109150290061338e-05
0.000000000000000000e+00 0.000000000000000000e+00 0.000000000000000000e+00 2.124706629098166094e-05 2.124706629098166094e-05 2.124706629098166094e-05 2.124706629098166094e-05 2.124706629098166094e-05
0.000000000000000000e+00 0.000000000000000000e+00 0.000000000000000000e+00 2.065010040119243651e-05 2.065010040119243651e-05 2.065010040119243651e-05 2.065010040119243651e-05 2.065010040119243651e-05
0.000000000000000000e+00 0.000000000000000000e+00 0.000000000000000000e+00 2.006972872482344552e-05 2.006972872482344552e-05 2.006972872482344552e-05 2.006972872482344552e-05 2.006972872482344552e-05
0.000000000000000000e+00 0.000000000000000000e+00 0.000000000000000000e+00 1.950549841765471701e-05 1.950549841765471701e-05 1.950549841765471701e-05 1.950549841765471701e-05 1.950549841765471701e-05
0.000000000000000000e+00 0.000000000000000000e+00 0.000000000000000000e+00 1.895696859647413764e-05 1.895696859647413764e-05 1.895696859647413764e-05 1.895696859647413764e-05 1.895696859647413764e-05
0.000000000000000000e+00 0.000000000000000000e+00 0.000000000000000000e+00 1.842371004211402599e-05 1.842371004211402599e-05 1.842371004211402599e-05 1.842371004211402599e-05 1.842371004211402599e-05
0.000000000000000000e+00 0.000000000000000000e+00 0.000000000000000000e+00 1.790530490891910944e-05 1.790530490891910944e-05 1.790530490891910944e-05 1.790530490891910944e-05 1.790530490891910944e-05
0.000000000000000000e+00 0.000000000000000000e+00 0.000000000000000000e+00 1.740134644055675863e-05 1.740134644055675863e-05 1.740134644055675863e-05 1.740134644055675863e-05 1.740134644055675863e-05
0.000000000000000000e+00 0.000000000000000000e+00 0.000000000000000000e+00 1.691143869207863658e-05 1.691143869207863658e-05 1.691143869207863658e-05 1.691143869207863658e-05 1.691143869207863658e-05
0.000000000000000000e+00 0.000000000000000000e+00 0.000000000000000000e+00 1.643519625814129396e-05 1.643519625814129396e-05 1.643519625814129396e-05 1.643519625814129396e-05 1.643519625814129396e-05
0.000000000000000000e+00 0.000000000000000000e+00 0.000000000000000000e+00 1.597224400729153033e-05 1.597224400729153033e-05 1.597224400729153033e-05 1.597224400729153033e-05 1.597224400729153033e-05
0.000000000000000000e+00 0.000000000000000000e+00 0.000000000000000000e+00 1.552221682222182315e-05 1.552221682222182315e-05 1.552221682222182315e-05 1.552221682222182315e-05 1.552221682222182315e-05
0.000000000000000000e+00 0.000000000000000000e+00 0.000000000000000000e+00 1.508475934589968810e-05 1.508475934589968810e-05 1.508475934589968810e-05 1.508475934589968810e-05 1.508475934589968810e-05
0.000000000000000000e+00 0.000000000000000000e+00 0.000000000000000000e+00 1.465952573347425466e-05 1.465952573347425466e-05 1.465952573347425466e-05 1.465952573347425466e-05 1.465952573347425466e-05
0.000000000000000000e+00 0.000000000000000000e+00 0.000000000000000000e+00 1.424617940986300399e-05 1.424617940986300399e-05 1.424617940986300399e-05 1.424617940986300399e-05 1.424617940986300399e-05
0.000000000000000000e+00 0.000000000000000000e+00 0.000000000000000000e+00 1.384439283292074536e-05 1.384439283292074536e-05 1.384439283292074536e-05 1.384439283292074536e-05 1.384439283292074536e-05
0.000000000000000000e+00 0.000000000000000000e+00 0.000000000000000000e+00 1.345384726209351367e-05 1.345384726209351367e-05 1.345384726209351367e-05 1.345384726209351367e-05 1.345384726209351367e-05
0.000000000000000000e+00 0.000000000000000000e+00 0.000000000000000000e+00 1.307423253245909860e-05 1.307423253245909860e-05 1.307423253245909860e-05 1.307423253245909860e-05 1.307423253245909860e-05
0.000000000000000000e+00 0.000000000000000000e+00 0.000000000000000000e+00 1.270524683405649983e-05 1.270524683405649983e-05 1.270524683405649983e-05 1.270524683405649983e-05 1.270524683405649983e-05
0.000000000000000000e+00 0.000000000000000000e+00 0.000000000000000000e+00 1.234659649640696934e-05 1.234659649640696934e-05 1.234659649640696934e-05 1.234659649640696934e-05 1.234659649640696934e-05
0.000000000000000000e+00 0.000000000000000000e+00 0.000000000000000000e+00 1.199799577812888441e-05 1.199799577812888441e-05 1.199799577812888441e-05 1.199799577812888441e-05 1.199799577812888441e-05
0.000000000000000000e+00 0.000000000000000000e+00 0.000000000000000000e+00 1.165916666155018282e-05 1.165916666155018282e-05 1.165916666155018282e-05 1.165916666155018282e-05 1.165916666155018282e-05
0.000000000000000000e+00 0.000000000000000000e+00 0.000000000000000000e+00 1.132983865222139700e-05 1.132983865222139700e-05 1.132983865222139700e-05 1.132983865222139700e-05 1.132983865222139700e-05
0.000000000000000000e+00 0.000000000000000000e+00 0.000000000000000000e+00 1.100974858323415164e-05 1.100974858323415164e-05 1.100974858323415164e-05 1.100974858323415164e-05 1.100974858323415164e-05
0.000000000000000000e+00 0.000000000000000000e+00 0.000000000000000000e+00 1.069864042424949825e-05 1.069864042424949825e-05 1.069864042424949825e-05 1.069864042424949825e-05 1.069864042424949825e-05
0.000000000000000000e+00 0.000000000000000000e+00 0.000000000000000000e+00 1.039626509514240319e-05 1.039626509514240319e-05 1.039626509514240319e-05 1.039626509514240319e-05 1.039626509514240319e-05
0.000000000000000000e+00 0.000000000000000000e+00 0.000000000000000000e+00 1.010238028416843937e-05 1.010238028416843937e-05 1.010238028416843937e-05 1.010238028416843937e-05 1.010238028416843937e-05
0.000000000000000000e+00 0.000000000000000000e+00 0.000000000000000000e+00 9.816750270560580798e-06 9.816750270560580798e-06 9.816750270560580798e-06 9.816750270560580798e-06 9.816750270560580798e-06
0.000000000000000000e+00 0.000000000000000000e+00 0.000000000000000000e+00 9.539145751464104931e-06 9.539145751464104931e-06 9.539145751464104931e-06 9.539145751464104931e-06 9.539145751464104931e-06
0.000000000000000000e+00 0.000000000000000000e+00 0.000000000000000000e+00 9.269343673119456899e-06 9.269343673119456899e-06 9.269343673119456899e-06 9.269343673119456899e-06 9.269343673119456899e-06
0.000000000000000000e+00 0.000000000000000000e+00 0.000000000000000000e+00 9.007127066203289865e-06 9.007127066203289865e-06 9.007127066203289865e-06 9.007127066203289865e-06 9.007127066203289865e-06
0.000000000000000000e+00 0.000000000000000000e+00 0.000000000000000000e+00 8.752284885239212432e-06 8.752284885239212432e-06 8.752284885239212432e-06 8.752284885239212432e-06 8.752284885239212432e-06
0.000000000000000000e+00 0.000000000000000000e+00 0.000000000000000000e+00 8.504611851991306974e-06 8.504611851991306974e-06 8.504611851991306974e-06 8.504611851991306974e-06 8.504611851991306974e-06
0.000000000000000000e+00 0.000000000000000000e+00 0.000000000000000000e+00 8.263908302753803024e-06 8.263908302753803024e-06 8.263908302753803024e-06 8.263908302753803024e-06 8.263908302753803024e-06
0.000000000000000000e+00 0.000000000000000000e+00 0.000000000000000000e+00 8.029980039452463294e-06 8.029980039452463294e-06 8.029980039452463294e-06 8.029980039452463294e-06 8.029980039452463294e-06
0.000000000000000000e+00 0.000000000000000000e+00 0.000000000000000000e+00 7.802638184473568574e-06 7.802638184473568574e-06 7.802638184473568574e-06 7.802638184473568574e-06 7.802638184473568574e-06
0.000000000000000000e+00 0.000000000000000000e+00 0.000000000000000000e+00 7.581699039138293570e-06 7.581699039138293570e-06 7.581699039138293570e-06 7.581699039138293570e-06 7.581699039138293570e-06
0.000000000000000000e+00 0.000000000000000000e+00 0.000000000000000000e+00 7.366983945741011143e-06 7.366983945741011143e-06 7.366983945741011143e-06 7.366983945741011143e-06 7.366983945741011143e-06
0.000000000000000000e+00 0.000000000000000000e+00 0.000000000000000000e+00 7.158319153071985998e-06 7.158319153071985998e-06 7.158319153071985998e-06 7.158319153071985998e-06 7.158319153071985998e-06
0.000000000000000000e+00 0.000000000000000000e+00 0.000000000000000000e+00 6.955535685345125589e-06 6.955535685345125589e-06 6.955535685345125589e-06 6.955535685345125589e-06 6.955535685345125589e-06
0.000000000000000000e+00 0.000000000000000000e+00 0.000000000000000000e+00 6.758469214454213890e-06 6.758469214454213890e-06 6.758469214454213890e-06 6.758469214454213890e-06 6.758469214454213890e-06
0.000000000000000000e+00 0.000000000000000000e+00 0.000000000000000000e+00 6.566959935480816570e-06 6.566959935480816570e-06 6.566959935480816570e-06 6.566959935480816570e-06 6.566959935480816570e-06
0.000000000000000000e+00 0.000000000000000000e+00 0.000000000000000000e+00 6.380852445379610885e-06 6.380852445379610885e-06 6.380852445379610885e-06 6.380852445379610885e-06 6.380852445379610885e-06
0.000000000000000000e+00 0.000000000000000000e+00 0.000000000000000000e+00 6.199995624767382355e-06 6.199995624767382355e-06 6.199995624767382355e-06 6.199995624767382355e-06 6.199995624767382355e-06
0.000000000000000000e+00 0.000000000000000000e+00 0.000000000000000000e+00 6.024242522743712444e-06 6.024242522743712444e-06 6.024242522743712444e-06 6.024242522743712444e-06 6.024242522743712444e-06
0.000000000000000000e+00 0.000000000000000000e+00 0.000000000000000000e+00 5.853450244672315758e-06 5.853450244672315758e-06 5.853450244672315758e-06 5.853450244672315758e-06 5.853450244672315758e-06
0.000000000000000000e+00 0.000000000000000000e+00 0.000000000000000000e+00 5.687479842853785183e-06 5.687479842853785183e-06 5.687479842853785183e-06 5.687479842853785183e-06 5.687479842853785183e-06
0.000000000000000000e+00 0.000000000000000000e+00 0.000000000000000000e+00 5.526196210021020117e-06 5.526196210021020117e-06 5.526196210021020117e-06 5.526196210021020117e-06 5.526196210021020117e-06
0.000000000000000000e+00 0.000000000000000000e+00 0.000000000000000000e+00 5.369467975591031199e-06 5.369467975591031199e-06 5.369467975591031199e-06 5.369467975591031199e-06 5.369467975591031199e-06
0.000000000000000000e+00 0.000000000000000000e+00 0.000000000000000000e+00 5.217167404606779381e-06 5.217167404606779381e-06 5.217167404606779381e-06 5.217167404606779381e-06 5.217167404606779381e-06
0.000000000000000000e+00 0.000000000000000000e+00 0.000000000000000000e+00 5.069170299305254198e-06 5.069170299305254198e-06 5.069170299305254198e-06 5.069170299305254198e-06 5.069170299305254198e-06
0.000000000000000000e+00 0.000000000000000000e+00 0.000000000000000000e+00 4.925355903248331546e-06 4.925355903248331546e-06 4.925355903248331546e-06 4.925355903248331546e-06 4.925355903248331546e-06
0.000000000000000000e+00 0.000000000000000000e+00 0.000000000000000000e+00 4.785606807954558903e-06 4.785606807954558903e-06 4.785606807954558903e-06 4.785606807954558903e-06 4.785606807954558903e-06
0.000000000000000000e+00 0.000000000000000000e+00 0.000000000000000000e+00 4.649808861971533868e-06 4.649808861971533868e-06 4.649808861971533868e-06 4.649808861971533868e-06 4.649808861971533868e-06
0.000000000000000000e+00 0.000000000000000000e+00 0.000000000000000000e+00 4.517851082329221993e-06 4.517851082329221993e-06 4.517851082329221993e-06 4.517851082329221993e-06 4.517851082329221993e-06
0.000000000000000000e+00 0.000000000000000000e+00 0.000000000000000000e+00 4.389625568316226910e-06 4.389625568316226910e-06 4.389625568316226910e-06 4.389625568316226910e-06 4.389625568316226910e-06
0.000000000000000000e+00 0.000000000000000000e+00 0.000000000000000000e+00 4.265027417522020122e-06 4.265027417522020122e-06 4.265027417522020122e-06 4.265027417522020122e-06 4.265027417522020122e-06
0.000000000000000000e+00 0.000000000000000000e+00 0.000000000000000000e+00 4.143954644089490570e-06 4.143954644089490570e-06 4.143954644089490570e-06 4.143954644089490570e-06 4.143954644089490570e-06
0.000000000000000000e+00 0.000000000000000000e+00 0.000000000000000000e+00 4.026308099123070227e-06 4.026308099123070227e-06 4.026308099123070227e-06 4.026308099123070227e-06 4.026308099123070227e-06
0.000000000000000000e+00 0.000000000000000000e+00 0.000000000000000000e+00 3.911991393199353012e-06 3.911991393199353012e-06 3.911991393199353012e-06 3.911991393199353012e-06 3.911991393199353012e-06
0.000000000000000000e+00 0.000000000000000000e+00 0.000000000000000000e+00 3.800910820927607138e-06 3.800910820927607138e-06 3.800910820927607138e-06 3.800910820927607138e-06 3.800910820927607138e-06
0.000000000000000000e+00 0.000000000000000000e+00 0.000000000000000000e+00 3.692975287509420307e-06 3.692975287509420307e-06 3.692975287509420307e-06 3.692975287509420307e-06 3.692975287509420307e-06
0.000000000000000000e+00 0.000000000000000000e+00 0.000000000000000000e+00 3.588096237247276244e-06 3.588096237247276244e-06 3.588096237247276244e-06 3.588096237247276244e-06 3.588096237247276244e-06
0.000000000000000000e+00 0.000000000000000000e+00 0.000000000000000000e+00 3.486187583953353931e-06 3.486187583953353931e-06 3.486187583953353931e-06 3.486187583953353931e-06 3.486187583953353931e-06
0.000000000000000000e+00 0.000000000000000000e+00 0.000000000000000000e+00 3.387165643210553266e-06 3.387165643210553266e-06 3.387165643210553266e-06 3.387165643210553266e-06 3.387165643210553266e-06
0.000000000000000000e+00 0.000000000000000000e+00 0.000000000000000000e+00 3.290949066439307303e-06 3.290949066439307303e-06 3.290949066439307303e-06 3.290949066439307303e-06 3.290949066439307303e-06
0.000000000000000000e+00 0.000000000000000000e+00 0.000000000000000000e+00 3.197458776724246468e-06 3.197458776724246468e-06 3.197458776724246468e-06 3.197458776724246468e-06 3.197458776724246468e-06
0.000000000000000000e+00 0.000000000000000000e+00 0.000000000000000000e+00 3.106617906356272628e-06 3.106617906356272628e-06 3.106617906356272628e-06 3.106617906356272628e-06 3.106617906356272628e-06
0.000000000000000000e+00 0.000000000000000000e+00 0.000000000000000000e+00 3.018351736046309855e-06 3.018351736046309855e-06 3.018351736046309855e-06 3.018351736046309855e-06 3.018351736046309855e-06
0.000000000000000000e+00 0.000000000000000000e+00 0.000000000000000000e+00 2.932587635768283263e-06 2.932587635768283263e-06 2.932587635768283263e-06 2.932587635768283263e-06 2.932587635768283263e-06
0.000000000000000000e+00 0.000000000000000000e+00 0.000000000000000000e+00 2.849255007189431221e-06 2.849255007189431221e-06 2.849255007189431221e-06 2.849255007189431221e-06 2.849255007189431221e-06
0.000000000000000000e+00 0.000000000000000000e+00 0.000000000000000000e+00 2.768285227647596200e-06 2.768285227647596200e-06 2.768285227647596200e-06 2.768285227647596200e-06 2.768285227647596200e-06
0.000000000000000000e+00 0.000000000000000000e+00 0.000000000000000000e+00 2.689611595635559601e-06 2.689611595635559601e-06 2.689611595635559601e-06 2.689611595635559601e-06 2.689611595635559601e-06
0.000000000000000000e+00 0.000000000000000000e+00 0.000000000000000000e+00 2.613169277753707351e-06 2.613169277753707351e-06 2.613169277753707351e-06 2.613169277753707351e-06 2.613169277753707351e-06
0.000000000000000000e+00 0.000000000000000000e+00 0.000000000000000000e+00 2.538895257093208780e-06 2.538895257093208780e-06 2.538895257093208780e-06 2.538895257093208780e-06 2.538895257093208780e-06
0.000000000000000000e+00 0.000000000000000000e+00 0.000000000000000000e+00 2.466728283012622728e-06 2.466728283012622728e-06 2.466728283012622728e-06 2.466728283012622728e-06 2.466728283012622728e-06
0.000000000000000000e+00 0.000000000000000000e+00 0.000000000000000000e+00 2.396608822271986600e-06 2.396608822271986600e-06 2.396608822271986600e-06 2.396608822271986600e-06 2.396608822271986600e-06
0.000000000000000000e+00 0.000000000000000000e+00 0.000000000000000000e+00 2.328479011488978583e-06 2.328479011488978583e-06 2.328479011488978583e-06 2.328479011488978583e-06 2.328479011488978583e-06
0.000000000000000000e+00 0.000000000000000000e+00 0.000000000000000000e+00 2.262282610882940947e-06 2.262282610882940947e-06 2.262282610882940947e-06 2.262282610882940947e-06 2.262282610882940947e-06
0.000000000000000000e+00 0.000000000000000000e+00 0.000000000000000000e+00 0.000000000000000000e+00 0.000000000000000000e+00 0.000000000000000000e+00 0.000000000000000000e+00 0.000000000000000000e+00
0.000000000000000000e+00 0.000000000000000000e+00 0.000000000000000000e+00 0.000000000000000000e+00 0.000000000000000000e+00 0.000000000000000000e+00 0.000000000000000000e+00 0.000000000000000000e+00
0.000000000000000000e+00 0.000000000000000000e+00 0.000000000000000000e+00 0.000000000000000000e+00 0.000000000000000000e+00 0.000000000000000000e+00 0.000000000000000000e+00 0.000000000000000000e+00
0.000000000000000000e+00 0.000000000000000000e+00 0.000000000000000000e+00 0.000000000000000000e+00 0.000000000000000000e+00 0.000000000000000000e+00 0.000000000000000000e+00 0.000000000000000000e+00
0.000000000000000000e+00 0.000000000000000000e+00 0.000000000000000000e+00 0.000000000000000000e+00 0.000000000000000000e+00 0.000000000000000000e+00 0.000000000000000000e+00 0.000000000000000000e+00
0.000000000000000000e+00 0.000000000000000000e+00 0.000000000000000000e+00 0.000000000000000000e+00 0.000000000000000000e+00 0.000000000000000000e+00 0.000000000000000000e+00 0.000000000000000000e+00
0.000000000000000000e+00 0.000000000000000000e+00 0.000000000000000000e+00 0.000000000000000000e+00 0.000000000000000000e+00 0.000000000000000000e+00 0.000000000000000000e+00 0.000000000000000000e+00
0.000000000000000000e+00 0.000000000000000000e+00 0.000000000000000000e+00 0.000000000000000000e+00 0.000000000000000000e+00 0.000000000000000000e+00 0.000000000000000000e+00 0.000000000000000000e+00
0.000000000000000000e+00 0.000000000000000000e+00 0.000000000000000000e+00 0.000000000000000000e+00 0.000000000000000000e+00 0.000000000000000000e+00 0.000000000000000000e+00 0.000000000000000000e+00
0.000000000000000000e+00 0.000000000000000000e+00 0.000000000000000000e+00 0.000000000000000000e+00 0.000000000000000000e+00 0.000000000000000000e+00 0.000000000000000000e+00 0.000000000000000000e+00
0.000000000000000000e+00 0.000000000000000000e+00 0.000000000000000000e+00 0.000000000000000000e+00 0.000000000000000000e+00 0.000000000000000000e+00 0.000000000000000000e+00 0.000000000000000000e+00
0.000000000000000000e+00 0.000000000000000000e+00 0.000000000000000000e+00 0.000000000000000000e+00 0.000000000000000000e+00 0.000000000000000000e+00 0.000000000000000000e+00 0.000000000000000000e+00
0.000000000000000000e+00 0.000000000000000000e+00 0.000000000000000000e+00 0.000000000000000000e+00 0.000000000000000000e+00 0.000000000000000000e+00 0.000000000000000000e+00 0.000000000000000000e+00
0.000000000000000000e+00 0.000000000000000000e+00 0.000000000000000000e+00 0.000000000000000000e+00 0.000000000000000000e+00 0.000000000000000000e+00 0.000000000000000000e+00 0.000000000000000000e+00
0.000000000000000000e+00 0.000000000000000000e+00 0.000000000000000000e+00 0.000000000000000000e+00 0.000000000000000000e+00 0.000000000000000000e+00 0.000000000000000000e+00 0.000000000000000000e+00
0.000000000000000000e+00 0.000000000000000000e+00 0.000000000000000000e+00 0.000000000000000000e+00 0.000000000000000000e+00 0.000000000000000000e+00 0.000000000000000000e+00 0.000000000000000000e+00
0.000000000000000000e+00 0.000000000000000000e+00 0.000000000000000000e+00 0.000000000000000000e+00 0.000000000000000000e+00 0.000000000000000000e+00 0.000000000000000000e+00 0.000000000000000000e+00
0.000000000000000000e+00 0.000000000000000000e+00 0.000000000000000000e+00 0.000000000000000000e+00 0.000000000000000000e+00 0.000000000000000000e+00 0.000000000000000000e+00 0.000000000000000000e+00
0.000000000000000000e+00 0.000000000000000000e+00 0.000000000000000000e+00 0.000000000000000000e+00 0.000000000000000000e+00 0.000000000000000000e+00 0.000000000000000000e+00 0.000000000000000000e+00
0.000000000000000000e+00 0.000000000000000000e+00 0.000000000000000000e+00 0.000000000000000000e+00 0.000000000000000000e+00 0.000000000000000000e+00 0.000000000000000000e+00 0.000000000000000000e+00
0.000000000000000000e+00 0.000000000000000000e+00 0.000000000000000000e+00 0.000000000000000000e+00 0.000000000000000000e+00 0.000000000000000000e+00 0.000000000000000000e+00 0.000000000000000000e+00
0.000000000000000000e+00 0.000000000000000000e+00 0.000000000000000000e+00 0.000000000000000000e+00 0.000000000000000000e+00 0.000000000000000000e+00 0.000000000000000000e+00 0.000000000000000000e+00
0.000000000000000000e+00 0.000000000000000000e+00 0.000000000000000000e+00 0.000000000000000000e+00 0.000000000000000000e+00 0.000000000000000000e+00 0.000000000000000000e+00 0.000000000000000000e+00
0.000000000000000000e+00 0.000000000000000000e+00 0.000000000000000000e+00 0.000000000000000000e+00 0.000000000000000000e+00 0.000000000000000000e+00 0.000000000000000000e+00 0.000000000000000000e+00
0.000000000000000000e+00 0.000000000000000000e+00 0.000000000000000000e+00 0.000000000000000000e+00 0.000000000000000000e+00 0.000000000000000000e+00 0.000000000000000000e+00 0.000000000000000000e+00
0.000000000000000000e+00 0.000000000000000000e+00 0.000000000000000000e+00 0.000000000000000000e+00 0.000000000000000000e+00 0.000000000000000000e+00 0.000000000000000000e+00 0.000000000000000000e+00
0.000000000000000000e+00 0.000000000000000000e+00 0.000000000000000000e+00 0.000000000000000000e+00 0.000000000000000000e+00 0.000000000000000000e+00 0.000000000000000000e+00 0.000000000000000000e+00
0.000000000000000000e+00 0.000000000000000000e+00 0.000000000000000000e+00 0.000000000000000000e+00 0.000000000000000000e+00 0.000000000000000000e+00 0.000000000000000000e+00 0.000000000000000000e+00
0.000000000000000000e+00 0.000000000000000000e+00 0.000000000000000000e+00 0.000000000000000000e+00 0.000000000000000000e+00 0.000000000000000000e+00 0.000000000000000000e+00 0.000000000000000000e+00
0.000000000000000000e+00 0.000000000000000000e+00 0.000000000000000000e+00 0.000000000000000000e+00 0.000000000000000000e+00 0.000000000000000000e+00 0.000000000000000000e+00 0.000000000000000000e+00
0.000000000000000000e+00 0.000000000000000000e+00 0.000000000000000000e+00 0.000000000000000000e+00 0.000000000000000000e+00 0.000000000000000000e+00 0.000000000000000000e+00 0.000000000000000000e+00
0.000000000000000000e+00 0.000000000000000000e+00 0.000000000000000000e+00 0.000000000000000000e+00 0.000000000000000000e+00 0.000000000000000000e+00 0.000000000000000000e+00 0.000000000000000000e+00
0.000000000000000000e+00 0.000000000000000000e+00 0.000000000000000000e+00 0.000000000000000000e+00 0.000000000000000000e+00 0.000000000000000000e+00 0.000000000000000000e+00 0.000000000000000000e+00
0.000000000000000000e+00 0.000000000000000000e+00 0.000000000000000000e+00 0.000000000000000000e+00 0.000000000000000000e+00 0.000000000000000000e+00 0.000000000000000000e+00 0.000000000000000000e+00
0.000000000000000000e+00 0.000000000000000000e+00 0.000000000000000000e+00 0.000000000000000000e+00 0.000000000000000000e+00 0.000000000000000000e+00 0.000000000000000000e+00 0.000000000000000000e+00
0.000000000000000000e+00 0.000000000000000000e+00 0.000000000000000000e+00 0.000000000000000000e+00 0.000000000000000000e+00 0.000000000000000000e+00 0.000000000000000000e+00 0.000000000000000000e+00
0.000000000000000000e+00 0.000000000000000000e+00 0.000000000000000000e+00 0.000000000000000000e+00 0.000000000000000000e+00 0.000000000000000000e+00 0.000000000000000000e+00 0.000000000000000000e+00
0.000000000000000000e+00 0.000000000000000000e+00 0.000000000000000000e+00 0.000000000000000000e+00 0.000000000000000000e+00 0.000000000000000000e+00 0.000000000000000000e+00 0.000000000000000000e+00
0.000000000000000000e+00 0.000000000000000000e+00 0.000000000000000000e+00 0.000000000000000000e+00 0.000000000000000000e+00 0.000000000000000000e+00 0.000000000000000000e+00 0.000000000000000000e+00
0.000000000000000000e+00 0.000000000000000000e+00 0.000000000000000000e+00 0.000000000000000000e+00 0.000000000000000000e+00 0.000000000000000000e+00 0.000000000000000000e+00 0.000000000000000000e+00
0.000000000000000000e+00 0.000000000000000000e+00 0.000000000000000000e+00 0.000000000000000000e+00 0.000000000000000000e+00 0.000000000000000000e+00 0.000000000000000000e+00 0.000000000000000000e+00
0.000000000000000000e+00 0.000000000000000000e+00 0.000000000000000000e+00 0.000000000000000000e+00 0.000000000000000000e+00 0.000000000000000000e+00 0.000000000000000000e+00 0.000000000000000000e+00
0.000000000000000000e+00 0.000000000000000000e+00 0.000000000000000000e+00 0.000000000000000000e+00 0.000000000000000000e+00 0.000000000000000000e+00 0.000000000000000000e+00 0.000000000000000000e+00
0.000000000000000000e+00 0.000000000000000000e+00 0.000000000000000000e+00 0.000000000000000000e+00 0.000000000000000000e+00 0.000000000000000000e+00 0.000000000000000000e+00 0.000000000000000000e+00
0.000000000000000000e+00 0.000000000000000000e+00 0.000000000000000000e+00 0.000000000000000000e+00 0.000000000000000000e+00 0.000000000000000000e+00 0.000000000000000000e+00 0.000000000000000000e+00
0.000000000000000000e+00 0.000000000000000000e+00 0.000000000000000000e+00 0.000000000000000000e+00 0.000000000000000000e+00 0.000000000000000000e+00 0.000000000000000000e+00 0.000000000000000000e+00
0.000000000000000000e+00 0.000000000000000000e+00 0.000000000000000000e+00 0.000000000000000000e+00 0.000000000000000000e+00 0.000000000000000000e+00 0.000000000000000000e+00 0.000000000000000000e+00
0.000000000000000000e+00 0.000000000000000000e+00 0.000000000000000000e+00 0.000000000000000000e+00 0.000000000000000000e+00 0.000000000000000000e+00 0.000000000000000000e+00 0.000000000000000000e+00
0.000000000000000000e+00 0.000000000000000000e+00 0.000000000000000000e+00 0.000000000000000000e+00 0.000000000000000000e+00 0.000000000000000000e+00 0.000000000000000000e+00 0.000000000000000000e+00
0.000000000000000000e+00 0.000000000000000000e+00 0.000000000000000000e+00 0.000000000000000000e+00 0.000000000000000000e+00 0.000000000000000000e+00 0.000000000000000000e+00 0.000000000000000000e+00
0.000000000000000000e+00 0.000000000000000000e+00 0.000000000000000000e+00 0.000000000000000000e+00 0.000000000000000000e+00 0.000000000000000000e+00 0.000000000000000000e+00 0.000000000000000000e+00
0.000000000000000000e+00 0.000000000000000000e+00 0.000000000000000000e+00 0.000000000000000000e+00 0.000000000000000000e+00 0.000000000000000000e+00 0.000000000000000000e+00 0.000000000000000000e+00
0.000000000000000000e+00 0.000000000000000000e+00 0.000000000000000000e+00 0.000000000000000000e+00 0.000000000000000000e+00 0.000000000000000000e+00 0.000000000000000000e+00 0.000000000000000000e+00
0.000000000000000000e+00 0.000000000000000000e+00 0.000000000000000000e+00 0.000000000000000000e+00 0.000000000000000000e+00 0.000000000000000000e+00 0.000000000000000000e+00 0.000000000000000000e+00
0.000000000000000000e+00 0.000000000000000000e+00 0.000000000000000000e+00 0.000000000000000000e+00 0.000000000000000000e+00 0.000000000000000000e+00 0.000000000000000000e+00 0.000000000000000000e+00
0.000000000000000000e+00 0.000000000000000000e+00 0.000000000000000000e+00 0.000000000000000000e+00 0.000000000000000000e+00 0.000000000000000000e+00 0.000000000000000000e+00 0.000000000000000000e+00
0.000000000000000000e+00 0.000000000000000000e+00 0.000000000000000000e+00 0.000000000000000000e+00 0.000000000000000000e+00 0.000000000000000000e+00 0.000000000000000000e+00 0.000000000000000000e+00
0.000000000000000000e+00 0.000000000000000000e+00 0.000000000000000000e+00 0.000000000000000000e+00 0.000000000000000000e+00 0.000000000000000000e+00 0.000000000000000000e+00 0.000000000000000000e+00
0.000000000000000000e+00 0.000000000000000000e+00 0.000000000000000000e+00 0.000000000000000000e+00 0.000000000000000000e+00 0.000000000000000000e+00 0.000000000000000000e+00 0.000000000000000000e+00
0.000000000000000000e+00 0.000000000000000000e+00 0.000000000000000000e+00 0.000000000000000000e+00 0.000000000000000000e+00 0.000000000000000000e+00 0.000000000000000000e+00 0.000000000000000000e+00
0.000000000000000000e+00 0.000000000000000000e+00 0.000000000000000000e+00 0.000000000000000000e+00 0.000000000000000000e+00 0.000000000000000000e+00 0.000000000000000000e+00 0.000000000000000000e+00
0.000000000000000000e+00 0.000000000000000000e+00 0.000000000000000000e+00 0.000000000000000000e+00 0.000000000000000000e+00 0.000000000000000000e+00 0.000000000000000000e+00 0.000000000000000000e+00
0.000000000000000000e+00 0.000000000000000000e+00 0.000000000000000000e+00 0.000000000000000000e+00 0.000000000000000000e+00 0.000000000000000000e+00 0.000000000000000000e+00 0.000000000000000000e+00
0.000000000000000000e+00 0.000000000000000000e+00 0.000000000000000000e+00 0.000000000000000000e+00 0.000000000000000000e+00 0.000000000000000000e+00 0.000000000000000000e+00 0.000000000000000000e+00
0.000000000000000000e+00 0.000000000000000000e+00 0.000000000000000000e+00 0.000000000000000000e+00 0.000000000000000000e+00 0.000000000000000000e+00 0.000000000000000000e+00 0.000000000000000000e+00
0.000000000000000000e+00 0.000000000000000000e+00 0.000000000000000000e+00 0.000000000000000000e+00 0.000000000000000000e+00 0.000000000000000000e+00 0.000000000000000000e+00 0.000000000000000000e+00
0.000000000000000000e+00 0.000000000000000000e+00 0.000000000000000000e+00 0.000000000000000000e+00 0.000000000000000000e+00 0.000000000000000000e+00 0.000000000000000000e+00 0.000000000000000000e+00
0.000000000000000000e+00 0.000000000000000000e+00 0.000000000000000000e+00 0.000000000000000000e+00 0.000000000000000000e+00 0.000000000000000000e+00 0.000000000000000000e+00 0.000000000000000000e+00
0.000000000000000000e+00 0.000000000000000000e+00 0.000000000000000000e+00 0.000000000000000000e+00 0.000000000000000000e+00 0.000000000000000000e+00 0.000000000000000000e+00 0.000000000000000000e+00
0.000000000000000000e+00 0.000000000000000000e+00 0.000000000000000000e+00 0.000000000000000000e+00 0.000000000000000000e+00 0.000000000000000000e+00 0.000000000000000000e+00 0.000000000000000000e+00
0.000000000000000000e+00 0.000000000000000000e+00 0.000000000000000000e+00 0.000000000000000000e+00 0.000000000000000000e+00 0.000000000000000000e+00 0.000000000000000000e+00 0.000000000000000000e+00
0.000000000000000000e+00 0.000000000000000000e+00 0.000000000000000000e+00 0.000000000000000000e+00 0.000000000000000000e+00 0.000000000000000000e+00 0.000000000000000000e+00 0.000000000000000000e+00
0.000000000000000000e+00 0.000000000000000000e+00 0.000000000000000000e+00 0.000000000000000000e+00 0.000000000000000000e+00 0.000000000000000000e+00 0.000000000000000000e+00 0.000000000000000000e+00
0.000000000000000000e+00 0.000000000000000000e+00 0.000000000000000000e+00 0.000000000000000000e+00 0.000000000000000000e+00 0.000000000000000000e+00 0.000000000000000000e+00 0.000000000000000000e+00
0.000000000000000000e+00 0.000000000000000000e+00 0.000000000000000000e+00 0.000000000000000000e+00 0.000000000000000000e+00 0.000000000000000000e+00 0.000000000000000000e+00 0.000000000000000000e+00
0.000000000000000000e+00 0.000000000000000000e+00 0.000000000000000000e+00 0.000000000000000000e+00 0.000000000000000000e+00 0.000000000000000000e+00 0.000000000000000000e+00 0.000000000000000000e+00
0.000000000000000000e+00 0.000000000000000000e+00 0.000000000000000000e+00 0.000000000000000000e+00 0.000000000000000000e+00 0.000000000000000000e+00 0.000000000000000000e+00 0.000000000000000000e+00
0.000000000000000000e+00 0.000000000000000000e+00 0.000000000000000000e+00 0.000000000000000000e+00 0.000000000000000000e+00 0.000000000000000000e+00 0.000000000000000000e+00 0.000000000000000000e+00
0.000000000000000000e+00 0.000000000000000000e+00 0.000000000000000000e+00 0.000000000000000000e+00 0.000000000000000000e+00 0.000000000000000000e+00 0.000000000000000000e+00 0.000000000000000000e+00
0.000000000000000000e+00 0.000000000000000000e+00 0.000000000000000000e+00 0.000000000000000000e+00 0.000000000000000000e+00 0.000000000000000000e+00 0.000000000000000000e+00 0.000000000000000000e+00
0.000000000000000000e+00 0.000000000000000000e+00 0.000000000000000000e+00 0.000000000000000000e+00 0.000000000000000000e+00 0.000000000000000000e+00 0.000000000000000000e+00 0.000000000000000000e+00
0.000000000000000000e+00 0.000000000000000000e+00 0.000000000000000000e+00 0.000000000000000000e+00 0.000000000000000000e+00 0.000000000000000000e+00 0.000000000000000000e+00 0.000000000000000000e+00
0.000000000000000000e+00 0.000000000000000000e+00 0.000000000000000000e+00 0.000000000000000000e+00 0.000000000000000000e+00 0.000000000000000000e+00 0.000000000000000000e+00 0.000000000000000000e+00
0.000000000000000000e+00 0.000000000000000000e+00 0.000000000000000000e+00 0.000000000000000000e+00 0.000000000000000000e+00 0.000000000000000000e+00 0.000000000000000000e+00 0.000000000000000000e+00
0.000000000000000000e+00 0.000000000000000000e+00 0.000000000000000000e+00 0.000000000000000000e+00 0.000000000000000000e+00 0.000000000000000000e+00 0.000000000000000000e+00 0.000000000000000000e+00
