0.000000000000000000e+00 0.000000000000000000e+00 0.000000000000000000e+00 1.284465332057269602e-05 1.485152013679337448e-05 8.152789781791971771e-06 4.198263255627705951e-06 3.962503930098217316e-07
0.000000000000000000e+00 3.607928614791258835e-06 3.042209212662694678e-06 3.414128246856098305e-05 3.876107591475799736e-05 2.124723006246674611e-05 1.092122978195813579e-05 1.047706781935996896e-06
0.000000000000000000e+00 9.150374852141952058e-06 7.756364158569089860e-06 5.363611872478754860e-05 5.971833338454174747e-05 3.090945988742948734e-05 1.674302034186618058e-05 1.634545398970915874e-06
0.000000000000000000e+00 1.688295326037930923e-05 1.439383223002051468e-05 7.226588138363346323e-05 7.902174893394329201e-05 3.840281138449448678e-05 2.205770708004202809e-05 2.194935717129638618e-06
0.000000000000000000e+00 2.665681042097208761e-05 2.285397248421929830e-05 9.002912457061210073e-05 9.761760902761299277e-05 4.593907636060622838e-05 2.701664703159878099e-05 2.744984365893531574e-06
2.044680386415525022e-06 3.831494887633776579e-05 3.305057008897472221e-05 1.064842978031255898e-04 1.167876292251373313e-04 5.407446684535361200e-05 3.169331246370531022e-05 3.281756143826313156e-06
3.060409347605309312e-06 5.169157461233635394e-05 4.496842933179147291e-05 1.217240912967138976e-04 1.372063346559124523e-04 6.344792559358199493e-05 3.605994767110948148e-05 3.789020311922932757e-06
4.314713529318408802e-06 6.673761236501860527e-05 5.869753934850698821e-05 1.370200683769495417e-04 1.629833234864147735e-04 8.307735907699746974e-05 4.021752433534153448e-05 4.281537315125412066e-06
5.827762327539549563e-06 8.352835348405400256e-05 7.439844153186510767e-05 1.548543223852652713e-04 1.922650737691448215e-04 1.115502429346115559e-04 4.429484480153098296e-05 4.762640041059015988e-06
7.614247185189869468e-06 1.021256024228799070e-04 9.219251908095045154e-05 1.768749997442250555e-04 2.180553591932749349e-04 1.452571185084139470e-04 4.837455085300345129e-05 5.229935720537514910e-06
9.686683216393907631e-06 1.224003611206641001e-04 1.118362540864072737e-04 1.995623670799792312e-04 2.410072762217477368e-04 1.822348480857363261e-04 5.261621755517453087e-05 5.718124268361837106e-06
1.206286782581952621e-05 1.441015236465454719e-04 1.329508923551993966e-04 2.190455957336722055e-04 2.619644897474573248e-04 2.051795366348219151e-04 5.687015684986029178e-05 6.198078621327733410e-06
1.476070870384008717e-05 1.671390875727822914e-04 1.555059039696764396e-04 2.370184772722653556e-04 2.818823419973824629e-04 2.249491171640815820e-04 6.055622711094837534e-05 6.604347985819345476e-06
1.777693777798138521e-05 1.915957550590731786e-04 1.794285224678801344e-04 2.536850410449420436e-04 3.032182075543715400e-04 2.464189226871559934e-04 6.405967680981173131e-05 6.995737361300628189e-06
2.109100415814751524e-05 2.175424717943839274e-04 2.046334240983683117e-04 2.684077869539663679e-04 3.259145100333414721e-04 2.622129792758813084e-04 6.794594658997979496e-05 7.424480096233968743e-06
2.469958555599284546e-05 2.449160470217372231e-04 2.312551350247681211e-04 2.831577998479971065e-04 3.401359008462259388e-04 2.527217731888857142e-04 7.229629015965849414e-05 7.883688620608368092e-06
2.863683675666712052e-05 2.735826315128495252e-04 2.593998490881889744e-04 2.986207377400971314e-04 3.581957578500965969e-04 2.588208986823450040e-04 7.683522511342119555e-05 8.327118996195928197e-06
3.296323638130780703e-05 3.034512999605896706e-04 2.891322917112176230e-04 3.147208533744182178e-04 3.867284307260001426e-04 2.914035295366393385e-04 8.149914959688778823e-05 8.776829868813752078e-06
3.771635823832707391e-05 3.343464166849620476e-04 3.203538913958452129e-04 3.311347703772934427e-04 4.120760963758641473e-04 3.048860388349145401e-04 8.661955767772458882e-05 9.283471468091691718e-06
4.284167142189861441e-05 3.659998024920462206e-04 3.526937854759773982e-04 3.473819835753805523e-04 4.351793864798095832e-04 3.120037188472739027e-04 9.197848815160760241e-05 9.807991182232591370e-06
4.824732052740316325e-05 3.982609831320231097e-04 3.857601482619582860e-04 3.635240851578219268e-04 4.555502739808905337e-04 3.167503764542162984e-04 9.735413186128740891e-05 1.033569182115949278e-05
5.390606054009746643e-05 4.310622450479515626e-04 4.194676097658395198e-04 3.793363090768644454e-04 4.765232554859306067e-04 3.244825960158564753e-04 1.029395100858412394e-04 1.089521667577185615e-05
5.983346953430736416e-05 4.643893468419580425e-04 4.539435897225637512e-04 3.943589094623584307e-04 4.980501444241283542e-04 3.363155316845042116e-04 1.084573731505972764e-04 1.148048913169215391e-05
6.603871246501083687e-05 4.983552402385305882e-04 4.890938675953740303e-04 4.082368593923039828e-04 5.171576311073901658e-04 3.484292495441105621e-04 1.137568597782610510e-04 1.206824243001380314e-05
7.251648425337621701e-05 5.330108976036841912e-04 5.245720071448294920e-04 4.209242066218394133e-04 5.361949487392855210e-04 3.598551001284363746e-04 1.191778542633314340e-04 1.266569488234599812e-05
7.925852007349114151e-05 5.680692937390618676e-04 5.599060934797957245e-04 4.326845597458940239e-04 5.529388212269261945e-04 3.738846216886121030e-04 1.243687723516709537e-04 1.325084576000789288e-05
8.619901107653962097e-05 6.030680773024076459e-04 5.946837946920813852e-04 4.434054048596978645e-04 5.649538629074950073e-04 3.880217246523626424e-04 1.292425072765688481e-04 1.382828617520985723e-05
9.321618473448408130e-05 6.376527263022013781e-04 6.289347664281772637e-04 4.526171807923991112e-04 5.736857527293379470e-04 3.905570487062609022e-04 1.345976880913284351e-04 1.446699700909430716e-05
1.002228159680555101e-04 6.714902633735446089e-04 6.629364851317307234e-04 4.607214501556644083e-04 5.768837410100243228e-04 3.793668938603420395e-04 1.409347415643898399e-04 1.522146896012739453e-05
1.072483673608915850e-04 7.043126113663377786e-04 6.967883732008667459e-04 4.682072051025293054e-04 5.728830592740544658e-04 3.526060430042799788e-04 1.473507713161841307e-04 1.600146870494795946e-05
1.144531847214632741e-04 7.360672882589363317e-04 7.303908761926410434e-04 4.751018834080550585e-04 5.512381006966834236e-04 2.733898364826942216e-04 1.542443596111644371e-04 1.682338198883674577e-05
1.219952438253831965e-04 7.668855002278275037e-04 7.634797179496632209e-04 4.822398564736359115e-04 5.279175153747379294e-04 2.093614618406047713e-04 1.617316811083002672e-04 1.770215925428326084e-05
1.299102479227742237e-04 7.970483021663300055e-04 7.957868522926631353e-04 4.905122112265926631e-04 5.290839384280005258e-04 2.062341569151697593e-04 1.684475652804124399e-04 1.854297719765644835e-05
1.381115306899967279e-04 8.267979321839970860e-04 8.274460251417961078e-04 5.002299770967856812e-04 5.362082123881952876e-04 2.129296794593051110e-04 1.736026888009037069e-04 1.926369100106209659e-05
1.464383208676553179e-04 8.562432635814519336e-04 8.591160736567221524e-04 5.111954835324752228e-04 5.431337159740252983e-04 2.183930405845722097e-04 1.787541606415261669e-04 1.999983401925666134e-05
1.546985065260640007e-04 8.853592907537168434e-04 8.912059259037472848e-04 5.227104615934329793e-04 5.534192621565396219e-04 2.206465207021252311e-04 1.852774296497400970e-04 2.091773431263062579e-05
1.627475230094133443e-04 9.138225504941273943e-04 9.231617626311385038e-04 5.342778911065967093e-04 5.632253438463268340e-04 2.268461177174171701e-04 1.923244593338415082e-04 2.192544869466000383e-05
1.705668679090219470e-04 9.412871722581967089e-04 9.540584586470424698e-04 5.447058899380646845e-04 5.687951748217389856e-04 2.364021491759504053e-04 1.987728379445309829e-04 2.284464942669700661e-05
1.781987235136193136e-04 9.677702215075938011e-04 9.837526335429124229e-04 5.536762937883635532e-04 5.767357349542488135e-04 2.469515027977826037e-04 2.046175064442440003e-04 2.369717610977536669e-05
1.856881260318920504e-04 9.933431697351964313e-04 1.013094788873347045e-03 5.635375396993951144e-04 5.817421920228382781e-04 2.610752861440684448e-04 2.107922675336061733e-04 2.465213537549590554e-05
1.930862177977263610e-04 1.017786246668438187e-03 1.042762453147456003e-03 5.785348593547791915e-04 5.852275406718772909e-04 2.978077416696077581e-04 2.158473562393423010e-04 2.555335927793947514e-05
2.003812029780005824e-04 1.040459343296050530e-03 1.072005328469492064e-03 6.001977849404395915e-04 5.946347331366582875e-04 3.776607088175376365e-04 2.198883053207250076e-04 2.634789362371259529e-05
2.075060305946497944e-04 1.060624244046753754e-03 1.099066580663968186e-03 6.235904193258506650e-04 6.031318012393732664e-04 4.722012286267393945e-04 2.244878534665639084e-04 2.711069585768575280e-05
2.143631793461122823e-04 1.078333247273899386e-03 1.123123100090570124e-03 6.421665434649757170e-04 6.097049499752424341e-04 5.378657783795202365e-04 2.290016369259557417e-04 2.779446895368333531e-05
2.207290483907419550e-04 1.094122715852499346e-03 1.145039388772639988e-03 6.555021169877306734e-04 6.144769664460850286e-04 5.684349070485996813e-04 2.329083146101020897e-04 2.837757125528552339e-05
2.263331463889139061e-04 1.107896389194180497e-03 1.165921805475220261e-03 6.684621162849853143e-04 6.168622652644730701e-04 5.798023021050954188e-04 2.360304826319479718e-04 2.882065365194020037e-05
2.310269362964292839e-04 1.119216218848835022e-03 1.186040176569445447e-03 6.835915817767880889e-04 6.213332654800411171e-04 6.001881414382352359e-04 2.377703175967359607e-04 2.915489741721758371e-05
2.347549779504264458e-04 1.128226557658733829e-03 1.205002328230512154e-03 6.978195664598586421e-04 6.250704743522952130e-04 6.289709903684277464e-04 2.381906870297572439e-04 2.948739801651570875e-05
2.374935053122472026e-04 1.135659733152097860e-03 1.222565638599079759e-03 7.080591892360680369e-04 6.291671446635595895e-04 6.463213480026011766e-04 2.382921987803834581e-04 2.988641616493259136e-05
2.394415581671709983e-04 1.142009234437388375e-03 1.238763958416997822e-03 7.150416174826883806e-04 6.351322706347903519e-04 6.528467216193497820e-04 2.386340035802059212e-04 3.034371050905644671e-05
2.410946937965289009e-04 1.147295258918981306e-03 1.253642913830683558e-03 7.189831374717975876e-04 6.408394678564050201e-04 6.561989295094408604e-04 2.394660611693299101e-04 3.086373551536076741e-05
2.427910109617814095e-04 1.151613786258153319e-03 1.267445406043327940e-03 7.199928633488230159e-04 6.492703253887415274e-04 6.439218108240179431e-04 2.408477084410029165e-04 3.142273133580829699e-05
2.443784508014033787e-04 1.154759707009241510e-03 1.280593258094029447e-03 7.232283934792876944e-04 6.646187916431321903e-04 6.500853329425578626e-04 2.421559603307397632e-04 3.192235451245609726e-05
2.454382279245386216e-04 1.155887383450489216e-03 1.292831500545158635e-03 7.303398907268576030e-04 6.780186351106440475e-04 6.767991244254723763e-04 2.433231055315288700e-04 3.241824866280647153e-05
2.456542326865736661e-04 1.154332115095762232e-03 1.302210326122493420e-03 7.371660163649863340e-04 6.821698195805924597e-04 6.860888419119994886e-04 2.449434492171761145e-04 3.301382294264844456e-05
2.449462294150378657e-04 1.150227222267775993e-03 1.307330006264680608e-03 7.412611113044969809e-04 6.850025339522121826e-04 6.910316494222922467e-04 2.469574676033812143e-04 3.365168419441293796e-05
2.432698049742869123e-04 1.144205641293030750e-03 1.309193758269499002e-03 7.424707009612425664e-04 6.861890726199352652e-04 6.952410943673931112e-04 2.495152044632810624e-04 3.441330921172743457e-05
2.405096218513404650e-04 1.136880711316599858e-03 1.309677282483374559e-03 7.428959958488364802e-04 6.872653549715870098e-04 6.994318765373469700e-04 2.511044751579116470e-04 3.504108059758098291e-05
2.368903695598823065e-04 1.128652462144301514e-03 1.309366755543140597e-03 7.420916649727860980e-04 6.902093806695159877e-04 6.975789901398465453e-04 2.517419228890848564e-04 3.556234390809739654e-05
2.331375174643920154e-04 1.119668534998964496e-03 1.307391263870926173e-03 7.391649081782475025e-04 6.910648437408417567e-04 6.946563660004114946e-04 2.529473349252120786e-04 3.626464786067656800e-05
2.298435598930545552e-04 1.109645418665591811e-03 1.303207292893746819e-03 7.352908740075830927e-04 6.871551137444349353e-04 6.974623122782614478e-04 2.542297804715457034e-04 3.696522294275975568e-05
2.271676856814870010e-04 1.098278759468306011e-03 1.297372850504425329e-03 7.310461224680743714e-04 6.800748653717340365e-04 7.017879466694915440e-04 2.551138176570990463e-04 3.760101830898275599e-05
2.251437724429319605e-04 1.086219839501430424e-03 1.290620320742759527e-03 7.268750878567391185e-04 6.741542196786570436e-04 7.050805987536433103e-04 2.552786959115449744e-04 3.814527291076535851e-05
2.237085305592298305e-04 1.074790418232297916e-03 1.283060430495235526e-03 7.235325318414470054e-04 6.687048607710774622e-04 7.075366601419963344e-04 2.552828095058271842e-04 3.867710372278015713e-05
2.224941368569691722e-04 1.064333011104635430e-03 1.274746174579393472e-03 7.213995682646858051e-04 6.633406593334475413e-04 7.088224031891469023e-04 2.558744467673973390e-04 3.932929760575567472e-05
2.210468655138711827e-04 1.053760688292320648e-03 1.265817203406704484e-03 7.197181220323676598e-04 6.578193581163621108e-04 7.071443660465709206e-04 2.573807591418358518e-04 4.000685614325716219e-05
2.192401783324528849e-04 1.041853062854380257e-03 1.255880681873536818e-03 7.170391069747263221e-04 6.514275670820676061e-04 7.048421038592572524e-04 2.592619099096098948e-04 4.058301766079182944e-05
2.170731700136662584e-04 1.027769653772412717e-03 1.243816976678163710e-03 7.121914225287761125e-04 6.436212792208337741e-04 7.033187182602956182e-04 2.607586941708873161e-04 4.110493811236949553e-05
2.143822834621949549e-04 1.010580687272681112e-03 1.228239861306552666e-03 7.037195320240557809e-04 6.333257398366783694e-04 6.990809227794346058e-04 2.617881268854459925e-04 4.157624065152955008e-05
2.110078097875132030e-04 9.900564177439787408e-04 1.208682150950837969e-03 6.905882059734169340e-04 6.231278321902584483e-04 6.845316201518957065e-04 2.628480935241987357e-04 4.208250843645466226e-05
2.070762764017571890e-04 9.677893277753981185e-04 1.186584215596207413e-03 6.737420525238618481e-04 6.124164041450734855e-04 6.469985144870985146e-04 2.638561910000937006e-04 4.262322534440460991e-05
2.028060833639909856e-04 9.456320626926200453e-04 1.164647463046782115e-03 6.561263603027244363e-04 6.023151973354893890e-04 5.857388809797533765e-04 2.638466740835931240e-04 4.301382600226006942e-05
1.982814717313882398e-04 9.239346255492208830e-04 1.144455708008518518e-03 6.413526282464034490e-04 5.952134082107067006e-04 5.350543695377103044e-04 2.626136902761639475e-04 4.322456347245366487e-05
1.935689348238468321e-04 9.022792754486062784e-04 1.125266239183385754e-03 6.302588747162206481e-04 5.896066454509081133e-04 5.011770658576886629e-04 2.612027953484109756e-04 4.342344837193027620e-05
1.886451928164929769e-04 8.807684967776164197e-04 1.106399419275444973e-03 6.207470131218799370e-04 5.826100983845253602e-04 4.825916936551595039e-04 2.610106854409267787e-04 4.386372010344700176e-05
1.834249256464104167e-04 8.593529208458401941e-04 1.088021622298794957e-03 6.107048106521938092e-04 5.735493004962135448e-04 4.633914334381488797e-04 2.619166321790231101e-04 4.456601469551199873e-05
1.780187468229283440e-04 8.370239026810385313e-04 1.069389781884845514e-03 5.995628129645224052e-04 5.642369560715914398e-04 4.449197607120928730e-04 2.619017321763747984e-04 4.517017347994817629e-05
1.726288796154338504e-04 8.131781275104988087e-04 1.049261641522049792e-03 5.883126397373259538e-04 5.575210233434102708e-04 4.373939871317154577e-04 2.599751251599799994e-04 4.541342717921140421e-05
1.675616307158174815e-04 7.886268227314571343e-04 1.028094704896828854e-03 5.778555659752456766e-04 5.531246019138319264e-04 4.408510737898134772e-04 2.570068190907428760e-04 4.542598176713114668e-05
1.632562322200064859e-04 7.646312920953720780e-04 1.007770521373817230e-03 5.679447102231423641e-04 5.492029232073995706e-04 4.476587347755693570e-04 2.541374489684353286e-04 4.543615335200155156e-05
1.597512814877161071e-04 7.415953710055148878e-04 9.885172081267265282e-04 5.591080201589727992e-04 5.451811393958629591e-04 4.486244518880754678e-04 2.518600583044114469e-04 4.555759438791076870e-05
1.565894641091452677e-04 7.191526257587332709e-04 9.693513032324473132e-04 5.525908581428661676e-04 5.404966531955834614e-04 4.462250021792494204e-04 2.493035129013997727e-04 4.560122356637846944e-05
1.531884046141375347e-04 6.966641882046403994e-04 9.500416273966813671e-04 5.486065084042421932e-04 5.357071378269702812e-04 4.463310814986309297e-04 2.459315265594532807e-04 4.545444635311373326e-05
1.492473665911015802e-04 6.739575872373610452e-04 9.306457463429718179e-04 5.468760714298997148e-04 5.308168972436461694e-04 4.460869143921570960e-04 2.423820339777066324e-04 4.525526038120016866e-05
1.448193086156945744e-04 6.515901487282998181e-04 9.114298809339341483e-04 5.475375880891396275e-04 5.241722123685168102e-04 4.443824766499230379e-04 2.391372694431520866e-04 4.509518334276658828e-05
1.401127391429355404e-04 6.294226803409963544e-04 8.925872028404325175e-04 5.498774548575618201e-04 5.183389391001593134e-04 4.476520703233109115e-04 2.357657200548936706e-04 4.493027819939967264e-05
1.354726616182085769e-04 6.066422985810900927e-04 8.740808442273947584e-04 5.513966845667996270e-04 5.153860892762584254e-04 4.555266131508956050e-04 2.310715599224723847e-04 4.445910143565604005e-05
1.310856955628490132e-04 5.834208990051070872e-04 8.560176947621192956e-04 5.506508530845288752e-04 5.135965379557292862e-04 4.594556549729083726e-04 2.254469690962936871e-04 4.372351250118184128e-05
1.267656443629963203e-04 5.605304695021936894e-04 8.376543706586854531e-04 5.473384140641246454e-04 5.124383706269726229e-04 4.632966770507964262e-04 2.200804139508678804e-04 4.309416567633083355e-05
1.222698552119816807e-04 5.379396001954526649e-04 8.178746600984988747e-04 5.407083883708476216e-04 5.115076923427731934e-04 4.712281794701113748e-04 2.144488670719979181e-04 4.246106069650818892e-05
1.175783354951665107e-04 5.151857368817541099e-04 7.962355173491173855e-04 5.304073594116197072e-04 5.097100695216794531e-04 4.792676227884059875e-04 2.084029751476347613e-04 4.175164830691597114e-05
1.127258397258359604e-04 4.929572054870732427e-04 7.735644121684818759e-04 5.174568674745020757e-04 5.061077214857291227e-04 4.827288422813165013e-04 2.028978680536174363e-04 4.122445767872951367e-05
1.075785081839627036e-04 4.726915586264224820e-04 7.518467593366147698e-04 5.040706858328513566e-04 4.976615702418642987e-04 4.756418230927151962e-04 1.964994439674836433e-04 4.059189416543256533e-05
1.020297153279017929e-04 4.547545196081486936e-04 7.324219939329367412e-04 4.925121493350402817e-04 4.882910271495828928e-04 4.650554086180227445e-04 1.893405283145941937e-04 3.984809098316190412e-05
9.647732756371335473e-05 4.390018017896656468e-04 7.155955140421108203e-04 4.846752046040933831e-04 4.810890732270740097e-04 4.581710929662863633e-04 1.830431634183871147e-04 3.924632565056114015e-05
9.157021031837609694e-05 4.254109416713268334e-04 7.012347531996167326e-04 4.816311686326855035e-04 4.740010578974504962e-04 4.513575847491702498e-04 1.774977871637898913e-04 3.875767860024522559e-05
8.742250060712880707e-05 4.131194570386340840e-04 6.890498779463696388e-04 4.821280170486534123e-04 4.670235443171442047e-04 4.413315881232255690e-04 1.716952843426048834e-04 3.820638881560656241e-05
8.359185251360520764e-05 4.011920456582154120e-04 6.789602981252961965e-04 4.833863890072135770e-04 4.596617194812507162e-04 4.321947117987195238e-04 1.662384973445765225e-04 3.767468175701127665e-05
7.978269633281272980e-05 3.897799797540224152e-04 6.702702662850840891e-04 4.842491185304079464e-04 4.537112058996677381e-04 4.330571493311037275e-04 1.615201940130514861e-04 3.728056160929836153e-05
7.623119572251593529e-05 3.790332256314717053e-04 6.612456970774859867e-04 4.843325778456850084e-04 4.499861089000641349e-04 4.427251837315508481e-04 1.558163843747457098e-04 3.669304038397055035e-05
7.322462009100950747e-05 3.681089409201600575e-04 6.501111671222912494e-04 4.825131718109354397e-04 4.463384135936506554e-04 4.469636799644116903e-04 1.493704849112533644e-04 3.592594963887413468e-05
7.056790410853592535e-05 3.563232685826521820e-04 6.358408992046015503e-04 4.770446236535268061e-04 4.407843988659628821e-04 4.434703896336236587e-04 1.431285272130507387e-04 3.518493395456925458e-05
6.790769223682363424e-05 3.440054358016602048e-04 6.187958519743742966e-04 4.664011856227714622e-04 4.334819207336937613e-04 4.356666849680078499e-04 1.372761859685256588e-04 3.450818591339885452e-05
6.529260602806274570e-05 3.317801424263691992e-04 6.000933586752771982e-04 4.530747851838858790e-04 4.229032163843977313e-04 4.177220546079104613e-04 1.316630203964334466e-04 3.387226993357899210e-05
6.307734054728367029e-05 3.200510875319849857e-04 5.803938561517168072e-04 4.425102176388252188e-04 4.107832301866436858e-04 4.100332776802705645e-04 1.265008470667006212e-04 3.332827404365254725e-05
6.132304755381958795e-05 3.090842424147466393e-04 5.600370317909794541e-04 4.362282142437263685e-04 4.033241789301285156e-04 4.258440710336446077e-04 1.215255538882784091e-04 3.279223753355667401e-05
5.946403867351692240e-05 2.992203939396636571e-04 5.408974553949040054e-04 4.313433668976567265e-04 3.971930697260205880e-04 4.386517547944354754e-04 1.164585112613779891e-04 3.219507880268579795e-05
5.695372895002138595e-05 2.904989990098072613e-04 5.251180781108083853e-04 4.254470588124311292e-04 3.881533324405229946e-04 4.423478614201534144e-04 1.117562344805061569e-04 3.166813550718785691e-05
5.383880115019819935e-05 2.822692748367844925e-04 5.110020158371946040e-04 4.184407448461649015e-04 3.787047589276025094e-04 4.441089399566671043e-04 1.079350245746039239e-04 3.134906914563509391e-05
5.049250305830318834e-05 2.737927530913771522e-04 4.954470706691744934e-04 4.118163985057828047e-04 3.691820641687756162e-04 4.464711730933397797e-04 1.042445973557371816e-04 3.107661396969788238e-05
4.720911307033659671e-05 2.647555860775960496e-04 4.787055039094787108e-04 4.060948596093202673e-04 3.570854650171483642e-04 4.474663193709288336e-04 9.980685802987500105e-05 3.065149749426017883e-05
4.415800707210905884e-05 2.552174343504616505e-04 4.625819983825384747e-04 3.994775157942239796e-04 3.433240514964591098e-04 4.456812231220830560e-04 9.499251726700935110e-05 3.012410450847565301e-05
4.154654066218908289e-05 2.452895743736539336e-04 4.469367910955474596e-04 3.912881400192705903e-04 3.316329691384401249e-04 4.469620626688807397e-04 9.033836715740825119e-05 2.957600584398402819e-05
3.963372197307814861e-05 2.353341113950613544e-04 4.313645132259534879e-04 3.830630768145792215e-04 3.228993430916416579e-04 4.528450947669305279e-04 8.581373149132612939e-05 2.895834996065780681e-05
3.855754812009248985e-05 2.260991317035976583e-04 4.168679502635153555e-04 3.756295372212883335e-04 3.154459963303361315e-04 4.590200534305899013e-04 8.165945669713926543e-05 2.831884613206025271e-05
3.823397451562500715e-05 2.180989496230441923e-04 4.036825259436168257e-04 3.670565791530605148e-04 3.108177172496475490e-04 4.620163373037202087e-04 7.863149910726261274e-05 2.785665299389102412e-05
3.852270159900962403e-05 2.116296663767789959e-04 3.904925068791984324e-04 3.543310413891854202e-04 3.086063683333086839e-04 4.628350931678210426e-04 7.590572212357304125e-05 2.743006332309287653e-05
3.923172704805130462e-05 2.069397969120339534e-04 3.772504080716820038e-04 3.378464921711920839e-04 3.068624514806469528e-04 4.603670927055300392e-04 7.257197914988665246e-05 2.682435954878276135e-05
4.010939222384025108e-05 2.034953172286073039e-04 3.655968328536589643e-04 3.207629833043751963e-04 3.036656010164151304e-04 4.448422390366042387e-04 6.899894808030590521e-05 2.610505900370748659e-05
4.096871060668802640e-05 1.994204708571751747e-04 3.543695251671989481e-04 3.048299654459872120e-04 2.961283737457695705e-04 4.104423802371842526e-04 6.594479209449820485e-05 2.545134410074635805e-05
4.154596845957048943e-05 1.923561057066811735e-04 3.397558739882391640e-04 2.905679215149410536e-04 2.833472641597420232e-04 3.619986780685139206e-04 6.355437112026796173e-05 2.493838409158523196e-05
4.155624968033973064e-05 1.814486626317148401e-04 3.205694481620724890e-04 2.788580505000523742e-04 2.639893971000165074e-04 3.172658992398308788e-04 6.100577144175053690e-05 2.442763925203626253e-05
4.122411938557744360e-05 1.699575715982785961e-04 3.013646022584740860e-04 2.703617527578209699e-04 2.443710936140516322e-04 2.925102271970701881e-04 5.849559145968446692e-05 2.394446286711305276e-05
4.099125863666942148e-05 1.621205974967894578e-04 2.873834542122378588e-04 2.642169291544416523e-04 2.356826684990788717e-04 2.833797668681917225e-04 5.661804519565090459e-05 2.360172828629137427e-05
4.076523676071289610e-05 1.573025126424125756e-04 2.774693068248247933e-04 2.587439564092640408e-04 2.350458311139579527e-04 2.782587086541725928e-04 5.489964439598365992e-05 2.329712859614384914e-05
4.026123096646626868e-05 1.530427518462762254e-04 2.681509983767220461e-04 2.528336353111908588e-04 2.351457899895497956e-04 2.724697554996044014e-04 5.331030904644610445e-05 2.302742131573851054e-05
3.945345512026180682e-05 1.485899567153152294e-04 2.583405298854848518e-04 2.456796204129690496e-04 2.351839238437320118e-04 2.662422789243717482e-04 5.188404770253659577e-05 2.278271028246469352e-05
3.842034794409142096e-05 1.439169237904539727e-04 2.480233382230358891e-04 2.363201736977034516e-04 2.337391655088387368e-04 2.598738006306016758e-04 5.059168811367009287e-05 2.253299727576370655e-05
3.722612250943319327e-05 1.391270880147731884e-04 2.374025759760691682e-04 2.242583177507220219e-04 2.312924051015584662e-04 2.487549501049484487e-04 4.960777445202606967e-05 2.231388369788064361e-05
3.592330617128779391e-05 1.344144494503746136e-04 2.270033273597138078e-04 2.109807826852409080e-04 2.249218503394450133e-04 2.275463295563019727e-04 4.890338079390694798e-05 2.219102039503530538e-05
3.453335572359448414e-05 1.299790331973886689e-04 2.174448767972013451e-04 1.990538790527683274e-04 2.159395232602585890e-04 2.064183210595434137e-04 4.854207446285209367e-05 2.217824562920294479e-05
3.306101426763654536e-05 1.259773480364165981e-04 2.090720678512616440e-04 1.897735562172243385e-04 2.115283757496677066e-04 1.962017048937688302e-04 4.844768483367404156e-05 2.216120667327162955e-05
3.152698763718221776e-05 1.224774038790879560e-04 2.019561771166386729e-04 1.832326557484754818e-04 2.108194712537578069e-04 1.911115948984355196e-04 4.849146700569846959e-05 2.209469456537093188e-05
2.996789869379890968e-05 1.194531217320415304e-04 1.959745411525670299e-04 1.792074721638071510e-04 2.108570553979842454e-04 1.858494228369824168e-04 4.854024623690007107e-05 2.198912983873800637e-05
2.842598260447809275e-05 1.168410212991717514e-04 1.908032969446051311e-04 1.770279462471369993e-04 2.115954597976062081e-04 1.834736730462990014e-04 4.847165724673527091e-05 2.184036743704773843e-05
2.693417796145520691e-05 1.145174669558028294e-04 1.860209724930865049e-04 1.756878799755131660e-04 2.134584544659660281e-04 1.836875892357419098e-04 4.827301180308630997e-05 2.164120246891841628e-05
2.551641507569451611e-05 1.123359604008704451e-04 1.813608829654622320e-04 1.746017305447063845e-04 2.155661182777646331e-04 1.817714847727964545e-04 4.812299852209419622e-05 2.144871781500527625e-05
2.417676346763288444e-05 1.101771035218345634e-04 1.767137636098943651e-04 1.736338914189061342e-04 2.161611035774612299e-04 1.786481868985848802e-04 4.815910501959489234e-05 2.132636871336970021e-05
2.289850106855543198e-05 1.079552885587743065e-04 1.720338530321716846e-04 1.728145613005970958e-04 2.158192264463535998e-04 1.763977457096071674e-04 4.832796028036698331e-05 2.125552076693994587e-05
2.166982701576981984e-05 1.056061700399656605e-04 1.672804907618470789e-04 1.720764599638984415e-04 2.165291101710641660e-04 1.744839886509898133e-04 4.852091483736295811e-05 2.119539411010691799e-05
2.049275802424252660e-05 1.031127008469359311e-04 1.624258721871196776e-04 1.712384195242158929e-04 2.188719594304408143e-04 1.736184620497775114e-04 4.866427978129564532e-05 2.113059017158871902e-05
1.937546153137827701e-05 1.005256420847622483e-04 1.574798214449693655e-04 1.701806653842118404e-04 2.221631353913934299e-04 1.724454660569274729e-04 4.875811413493655815e-05 2.106378959618145625e-05
1.833011673044962920e-05 9.792712482400823897e-05 1.524951205762869067e-04 1.689277716511069214e-04 2.239936288653665683e-04 1.697398701418366992e-04 4.884208802745027613e-05 2.100461522140762918e-05
1.736261360833273807e-05 9.541388063691807293e-05 1.475389175703091310e-04 1.675052627634895724e-04 2.248629159553521093e-04 1.671896460481182292e-04 4.896864910415525533e-05 2.096625293211606665e-05
1.647012358567893542e-05 9.307927871887594910e-05 1.426762985871920814e-04 1.659098842281712602e-04 2.271737042169104273e-04 1.644648490552230095e-04 4.913731789758975650e-05 2.094668292517637970e-05
1.564388312591719854e-05 9.097665231326880779e-05 1.379715998606258773e-04 1.642497254272001544e-04 2.298597837912844078e-04 1.615824432160972723e-04 4.927894706577266604e-05 2.093163368340746769e-05
1.486205778642293916e-05 8.908450959195610575e-05 1.334476205148850240e-04 1.627229422050936682e-04 2.307372595782050239e-04 1.595945223746623152e-04 4.939239402662604891e-05 2.092075186832480493e-05
1.410374564103479360e-05 8.734654864731268098e-05 1.290885745491404636e-04 1.614756867779496225e-04 2.306265309325767634e-04 1.579804134227308929e-04 4.950336080333268281e-05 2.090815797063065647e-05
1.335323647111061081e-05 8.569254843714253463e-05 1.248561745774050887e-04 1.604887703251724911e-04 2.308751567772360919e-04 1.566498358468325271e-04 4.959428428230857667e-05 2.088429815677493326e-05
1.259261545422506500e-05 8.400772802617959489e-05 1.206730692698259607e-04 1.595777989208179771e-04 2.319697117882043604e-04 1.553947375460182606e-04 4.964931135683957406e-05 2.084416652631816862e-05
1.181100378383532858e-05 8.219153588791164138e-05 1.164665486486883903e-04 1.585600765500683944e-04 2.335714553891379559e-04 1.525576158777457712e-04 4.967580682599904502e-05 2.079589702198778644e-05
1.100950501393872562e-05 8.024610017054363022e-05 1.122370676349497407e-04 1.574199165687964789e-04 2.333559256305763421e-04 1.485467859099693971e-04 4.970556198935307027e-05 2.075279217522848105e-05
1.019480924936896859e-05 7.822069188508372394e-05 1.080095438911752909e-04 1.561849991597552252e-04 2.310601623595942751e-04 1.437982414596243976e-04 4.976584999289574552e-05 2.071660126639469801e-05
9.377362621892308586e-06 7.615247256789658341e-05 1.037988684243113554e-04 1.548385982637222509e-04 2.286584616169619051e-04 1.365089202765153132e-04 4.988693300004417647e-05 2.070911463833168922e-05
8.573561944769514585e-06 7.410464917907426028e-05 9.965561553841673970e-05 1.534273538713314957e-04 2.261821390532886967e-04 1.287991886463767837e-04 5.005140022734778325e-05 2.073932141994208665e-05
7.797461026074633091e-06 7.214177643744034210e-05 9.563807115745714569e-05 1.520381250041513005e-04 2.251331590955888632e-04 1.240893588929761261e-04 5.018207441282072169e-05 2.077671528971655550e-05
7.056424376826173296e-06 7.027762284474288153e-05 9.176368357552332970e-05 1.507196732190338017e-04 2.261644919525391422e-04 1.213263518198291801e-04 5.026732481769768024e-05 2.080561458050492424e-05
6.355234477457639374e-06 6.849292160700548072e-05 8.802119668495580085e-05 1.494773801369978536e-04 2.269394282252365242e-04 1.192902784939000243e-04 5.034564499882493931e-05 2.083470134043744081e-05
5.697498923839311066e-06 6.677246740809344820e-05 8.440575679712530909e-05 1.483216721891950443e-04 2.270378004204011034e-04 1.174939502513988842e-04 5.041281055514033199e-05 2.089097120522898944e-05
5.086761023868525463e-06 6.510022812220009531e-05 8.091324688120521988e-05 1.472505512753739029e-04 2.263291743598967677e-04 1.151994373803052113e-04 5.043238029984615367e-05 2.097476626092155863e-05
4.526332730099128381e-06 6.344952620752447548e-05 7.753020177915340182e-05 1.462308961413695942e-04 2.248130077445565733e-04 1.129194265465764555e-04 5.039027558401328201e-05 2.105339721982306706e-05
4.018031191701187076e-06 6.181640093976946849e-05 7.425415406053532258e-05 1.452481928696731158e-04 2.235245481157404951e-04 1.115533136315183466e-04 5.033022467493765195e-05 2.112064260364896056e-05
3.561572388646955846e-06 6.021226494746121993e-05 7.109340066080297501e-05 1.443071491343857888e-04 2.228517437250285141e-04 1.094438145039003499e-04 5.028960065885982152e-05 2.118639735112270834e-05
3.154309258489625637e-06 5.863926055679051800e-05 6.805689065165754215e-05 1.434285119847772156e-04 2.222283784216001951e-04 1.067928983487587889e-04 5.026257732596556537e-05 2.125402809116468572e-05
2.792189167626936002e-06 5.709664896921100172e-05 6.515147839938572574e-05 1.426731399959018417e-04 2.209969262878741449e-04 1.053732907311819494e-04 5.022587198037539155e-05 2.130369334264459169e-05
2.470803866045463187e-06 5.559830394951146637e-05 6.238557789024658099e-05 1.421327211203845164e-04 2.201045256883567692e-04 1.050850622137879147e-04 5.014314305654146383e-05 2.130103596683520083e-05
2.186225754589616206e-06 5.415761929236628645e-05 5.975912878949384845e-05 1.418367520211632528e-04 2.190232962301476641e-04 1.050005040115223819e-04 5.002427162075267830e-05 2.125991772901549370e-05
1.935311475961368141e-06 5.275862400212216887e-05 5.724791440523826445e-05 1.416785050242806764e-04 2.170443841894443952e-04 1.051560689475738406e-04 4.989542405309075360e-05 2.123265999361301728e-05
1.715079094577217244e-06 5.136919338862764418e-05 5.481519561696600817e-05 1.414907599557602429e-04 2.133636189341451433e-04 1.047905021849167566e-04 4.973016280833010409e-05 2.123672813024828619e-05
1.522769347139280311e-06 4.996657630010099290e-05 5.243783488632270702e-05 1.411751868189865800e-04 2.074204210942147983e-04 1.033595418186817829e-04 4.952760097852887964e-05 2.125627160935403089e-05
1.355708114501080123e-06 4.853875386418010770e-05 5.010744879210561723e-05 1.407136779701881476e-04 2.022535180869861841e-04 1.025874008818206985e-04 4.934758758584469952e-05 2.128681251768896690e-05
1.210521656375674876e-06 4.707401455661914478e-05 4.781912398869607759e-05 1.401165214030094977e-04 1.989027299012137570e-04 1.027667157561561656e-04 4.920363149687726785e-05 2.132910717202275366e-05
1.083791848633705978e-06 4.557309456502341328e-05 4.557726335046804084e-05 1.394096384063097023e-04 1.960471934004356421e-04 1.024233879994154386e-04 4.899397451867219664e-05 2.135835640516807471e-05
9.724035422021718715e-07 4.405340271468535660e-05 4.339857306187279657e-05 1.386400358203124965e-04 1.920408494038229510e-04 1.010095338756758536e-04 4.866143858051820995e-05 2.135179199966216520e-05
8.733994759785959844e-07 4.253713918537069705e-05 4.130161267351083876e-05 1.378611647533984513e-04 1.866594449606754724e-04 9.930393883623354857e-05 4.828420456479636360e-05 2.132514464588988713e-05
7.847124110499159704e-07 4.104228661431957620e-05 3.929656678568088667e-05 1.371067093819027861e-04 1.818522551140529090e-04 9.766725381389498948e-05 4.793580502890175659e-05 2.130086387538726006e-05
7.047073532114553119e-07 3.958286667655484462e-05 3.738517558487202921e-05 1.363851392045865678e-04 1.782128701703657159e-04 9.618459047430931246e-05 4.762695017641871420e-05 2.128511787803509213e-05
6.317886851188249209e-07 3.817112331996841775e-05 3.556649553835091094e-05 1.356960798873234645e-04 1.749727987266063843e-04 9.504707128157713055e-05 4.729347181197082251e-05 2.127197632593898281e-05
5.649981915824575402e-07 3.681294253618279529e-05 3.383784774971703216e-05 1.350393136904906490e-04 1.722841829244139576e-04 9.420745558572250961e-05 4.689162974004341890e-05 2.124042463229454337e-05
5.039998698649384971e-07 3.550800794829257702e-05 3.219472097277883038e-05 1.344152261910224345e-04 1.703332163768288320e-04 9.326647256549146974e-05 4.643799757867866251e-05 2.117497165881012096e-05
4.486439047156166851e-07 3.425341309641321549e-05 3.063242807092962921e-05 1.338249061686856863e-04 1.684418336736222374e-04 9.262040022999095822e-05 4.596528759485819077e-05 2.109433447869794130e-05
3.986476756674867609e-07 3.304370316840811884e-05 2.914616737834023087e-05 1.332672782346906953e-04 1.665545243178680852e-04 9.208958312589269788e-05 4.552058588963545679e-05 2.103617050035718998e-05
3.535542726227098482e-07 3.186851209035320885e-05 2.773074162051719502e-05 1.327397173149081190e-04 1.651889719431122070e-04 9.142157393127631508e-05 4.510067253419634110e-05 2.099892599042362264e-05
3.129599692206785637e-07 3.071567969465581011e-05 2.638158067011145126e-05 1.322408995509155756e-04 1.642141474009016348e-04 9.060908362811155581e-05 4.467160334414994985e-05 2.095407790848706147e-05
2.766315332321463316e-07 2.957764433649236611e-05 2.509520687984834834e-05 1.317696379663383180e-04 1.630375780361921175e-04 8.987043202294616340e-05 4.422499431734852496e-05 2.089124939137689419e-05
2.443093250799472396e-07 2.845429834055271436e-05 2.386905381141660399e-05 1.313235210223841752e-04 1.619389819316632926e-04 8.968490601047316487e-05 4.376199100555298622e-05 2.081219631454346518e-05
2.155735150741845578e-07 2.734969423695400464e-05 2.270087459822877615e-05 1.308988709446928366e-04 1.608808405212130597e-04 8.933973397276264675e-05 4.328065353674692180e-05 2.072224919377314248e-05
1.900220284998417934e-07 2.626745910954881411e-05 2.158824558276569894e-05 1.304918311020092836e-04 1.594638510298405801e-04 8.873528442583552807e-05 4.280314151626654986e-05 2.063298066592047676e-05
1.673730435708575601e-07 2.520950347124191620e-05 2.052841702520762394e-05 1.300987757072092548e-04 1.579844874907947313e-04 8.844733291678236002e-05 4.234242628738072253e-05 2.054067644353879332e-05
1.473891302007418774e-07 2.417665112897838221e-05 1.951845776005755638e-05 1.297171340933438828e-04 1.564393767855179311e-04 8.830301035105203122e-05 4.188814508643472434e-05 2.043793488555981999e-05
1.298137429980806972e-07 2.316961474477121266e-05 1.855582620751237632e-05 1.293463066146349045e-04 1.543580115054478006e-04 8.813715517488406417e-05 4.145715530814625990e-05 2.033603859280718598e-05
1.143607101315753925e-07 2.218886554377978479e-05 1.763816614773734226e-05 1.289860970056759678e-04 1.523631006548284981e-04 8.806441866111124745e-05 4.105907818434419279e-05 2.024070334373055658e-05
1.007404459257348683e-07 2.123451218729893147e-05 1.676309805348381854e-05 1.286350851760789627e-04 1.512125435301492620e-04 8.821091022303916397e-05 4.065350617401486481e-05 2.014609046469432926e-05
8.868712972399030436e-08 2.030674784875695590e-05 1.592847802207135590e-05 1.282920218853075692e-04 1.507870184015439789e-04 8.845473065582431323e-05 4.019526331103561091e-05 2.004092158730617478e-05
7.800065391167691031e-08 1.940585617181847473e-05 1.513252964894162317e-05 1.279568382469707297e-04 1.498127118606671553e-04 8.807319520864336664e-05 3.969121183775557206e-05 1.992365505734194239e-05
6.857292096981396191e-08 1.853201062462310049e-05 1.437379434826273920e-05 1.276294749596096269e-04 1.476053620479896586e-04 8.665136308585453509e-05 3.918360738066013814e-05 1.980033882482967405e-05
6.031472729784203322e-08 1.768528391396424228e-05 1.365080369788206961e-05 1.273087106889110088e-04 1.451959369975751595e-04 8.515327560046034340e-05 3.870718896937436258e-05 1.967963917083901071e-05
5.310871059723601208e-08 1.686578599111534816e-05 1.296202560290829637e-05 1.269932188215434812e-04 1.426058724842445681e-04 8.418768872865194867e-05 3.828297390767309172e-05 1.957460751094826449e-05
4.683661196777079987e-08 1.607362039972728846e-05 1.230600279880481999e-05 1.266827627069170778e-04 1.403861260644402662e-04 8.332117310096564687e-05 3.791998496159181459e-05 1.948833386573474154e-05
4.138651632114097782e-08 1.530873044600871192e-05 1.168131529405112360e-05 1.263772465084682058e-04 1.384967384256763964e-04 8.254874846103418113e-05 3.759369519509801207e-05 1.940843811932459008e-05
3.666301076738940915e-08 1.457098747256756988e-05 1.108665297584649283e-05 1.260770056405137647e-04 1.362985865009667182e-04 8.200370136751570854e-05 3.725772409835064863e-05 1.932374421260176951e-05
3.258558856688691715e-08 1.386023301563718550e-05 1.052066421977141306e-05 1.257818022748387603e-04 1.349116182665985721e-04 8.147958851112776677e-05 3.688778013214954175e-05 1.923653886236569220e-05
2.907258101108701983e-08 1.317623478466938485e-05 9.981989904856417337e-06 1.254909429951304881e-04 1.342736528927166090e-04 8.082402003433593611e-05 3.651965615559166672e-05 1.915853511846798163e-05
2.603674641589152133e-08 1.251862084187071894e-05 9.469344965362777084e-06 1.252038698491624805e-04 1.332037371036893971e-04 8.017314146051553550e-05 3.619406320712972191e-05 1.909840363356341065e-05
0.000000000000000000e+00 1.188691969719181256e-05 8.981359548510535031e-06 1.249188999846022905e-04 1.321348657731476509e-04 7.964514155049649022e-05 3.594077227097190790e-05 1.907059343474099935e-05
0.000000000000000000e+00 1.128056939045489414e-05 8.516705130033201042e-06 1.246343418563954726e-04 1.324319926169724969e-04 7.962547135583741549e-05 3.574561981000567182e-05 1.902875409305616511e-05
0.000000000000000000e+00 1.069894340118602830e-05 8.074189226978395275e-06 1.243486062435161994e-04 1.332172433596878519e-04 8.008111423822298811e-05 3.555967658085222566e-05 1.893932807642833850e-05
0.000000000000000000e+00 1.014147145567027466e-05 7.652799841770356536e-06 1.240610333200611913e-04 1.334467859574494145e-04 8.021312052490465810e-05 3.534566233670571227e-05 1.883691661690316512e-05
0.000000000000000000e+00 9.607632667109659584e-06 7.251658464987808611e-06 1.237721571949198347e-04 1.333587653425118385e-04 7.992592256074462710e-05 3.509637739352627130e-05 1.874341099398016826e-05
0.000000000000000000e+00 9.096895549770334899e-06 6.869900597519492522e-06 1.234823178671385702e-04 1.332147547915298307e-04 7.939765253551056936e-05 3.483964382236423270e-05 1.866586861151846467e-05
0.000000000000000000e+00 8.608692515506775054e-06 6.506720476253069780e-06 1.231923246736091738e-04 1.329944261784885440e-04 7.842100027323702669e-05 3.460621307405997645e-05 1.860112054374742205e-05
0.000000000000000000e+00 8.142401309379017330e-06 6.161300019123495661e-06 1.229023114543446925e-04 1.324320057928550824e-04 7.716100949251308730e-05 3.442904492010265667e-05 1.855334178985251724e-05
0.000000000000000000e+00 7.697372038103192951e-06 5.832826417892559153e-06 1.226119423314538169e-04 1.324171318739015993e-04 7.625203574191446120e-05 3.427204545981114722e-05 1.851596538584557219e-05
0.000000000000000000e+00 7.272964512255833266e-06 5.520555827491382539e-06 1.223215879470481945e-04 1.327832820720528141e-04 7.575402486443659348e-05 3.408531595356200229e-05 1.847745670541246066e-05
0.000000000000000000e+00 6.868542645622766548e-06 5.223729394766912276e-06 1.220309793674073309e-04 1.330181137926253530e-04 7.527528619734701726e-05 3.388239544856047218e-05 1.843652165025775380e-05
0.000000000000000000e+00 6.483470100961306387e-06 4.941631896422189936e-06 1.217398010678260266e-04 1.328995067655117589e-04 7.497240341996583572e-05 3.367666039493148966e-05 1.839409640879924196e-05
0.000000000000000000e+00 6.117088236015913577e-06 4.673587274488871657e-06 1.214477361108324768e-04 1.327345092180556548e-04 7.482532603725784986e-05 3.344418495364171032e-05 1.834280570632405120e-05
0.000000000000000000e+00 5.768703774279198853e-06 4.418879406760665441e-06 1.211530719625762893e-04 1.322559145941377967e-04 7.447609781083536879e-05 3.317334601534043296e-05 1.827888987129967413e-05
0.000000000000000000e+00 5.437637293607614750e-06 4.176830022130212926e-06 1.208538998004698002e-04 1.312279308734061445e-04 7.404860352924195652e-05 3.288861949838003138e-05 1.821157178104488032e-05
0.000000000000000000e+00 5.123243910483733493e-06 3.946858636435434804e-06 1.205500687774762979e-04 1.299301660973584940e-04 7.329799522688766307e-05 3.260876570319701820e-05 1.814483457484864968e-05
0.000000000000000000e+00 4.824882759713388081e-06 3.728453052590949388e-06 1.202419846944697245e-04 1.284930556636581763e-04 7.241355733878189602e-05 3.235830582207450333e-05 1.808270616809835580e-05
0.000000000000000000e+00 4.541928868603169393e-06 3.521120213228809432e-06 1.199301056672333576e-04 1.265578384434332408e-04 7.165982175893384867e-05 3.215605651023214411e-05 1.803150959856135790e-05
0.000000000000000000e+00 4.273780589116788324e-06 3.324378619082381935e-06 1.196154776862233397e-04 1.243396207038599500e-04 7.069553620924861996e-05 3.200437420187655083e-05 1.799578191742214013e-05
0.000000000000000000e+00 4.019836584412062654e-06 3.137759093093752147e-06 1.192990083550538559e-04 1.219603500892431358e-04 6.989805999754575055e-05 3.193130736872020755e-05 1.798428568927111151e-05
0.000000000000000000e+00 3.779508394369644057e-06 2.960857866357602639e-06 1.189863353460033691e-04 1.198534095999480271e-04 6.926291961159512767e-05 3.196507073343482562e-05 1.800595389013227211e-05
0.000000000000000000e+00 3.552233835764395646e-06 2.793353904279193795e-06 1.186894455215473223e-04 1.180409236405378747e-04 6.843161024676228457e-05 3.211778524629275771e-05 1.806853683303213302e-05
0.000000000000000000e+00 3.337455177477932573e-06 2.634898892721843351e-06 1.184202325489535582e-04 1.162245087978055542e-04 6.756280977688572495e-05 3.238271592811301300e-05 1.816590275450782890e-05
0.000000000000000000e+00 0.000000000000000000e+00 0.000000000000000000e+00 1.181807113263005525e-04 1.143255220274753926e-04 6.684769254859857955e-05 3.263683536417110381e-05 1.824372315239066901e-05
0.000000000000000000e+00 0.000000000000000000e+00 0.000000000000000000e+00 1.180124719691691448e-04 1.133950068386371405e-04 6.652529885788892067e-05 3.276001029793573354e-05 1.826029127723308135e-05
0.000000000000000000e+00 0.000000000000000000e+00 0.000000000000000000e+00 1.178484812170996703e-04 1.130804661519769854e-04 6.653927731709578146e-05 3.278343044064371424e-05 1.824414792493366509e-05
0.000000000000000000e+00 0.000000000000000000e+00 0.000000000000000000e+00 1.176324915305469786e-04 1.123924295069027041e-04 6.655799248059834938e-05 3.276596690425277877e-05 1.822455311913362861e-05
0.000000000000000000e+00 0.000000000000000000e+00 0.000000000000000000e+00 1.174145764991370273e-04 1.127307270142019729e-04 6.639400307477513665e-05 3.272677419544504836e-05 1.820011382540306750e-05
0.000000000000000000e+00 0.000000000000000000e+00 0.000000000000000000e+00 1.171914453336259429e-04 1.126029920882636222e-04 6.586389594301503899e-05 3.265805737917728104e-05 1.815682115634193242e-05
0.000000000000000000e+00 0.000000000000000000e+00 0.000000000000000000e+00 1.170309160799572895e-04 1.120097107023054691e-04 6.531708439938050835e-05 3.256896103169858788e-05 1.809603603553603675e-05
0.000000000000000000e+00 0.000000000000000000e+00 0.000000000000000000e+00 1.168674811033482857e-04 1.112716476413850051e-04 6.471445373322936461e-05 3.248260930937458028e-05 1.803721864818936074e-05
0.000000000000000000e+00 0.000000000000000000e+00 0.000000000000000000e+00 1.166359123768541590e-04 1.102855522822054337e-04 6.399578305634285788e-05 3.241078123545764893e-05 1.799300760579355710e-05
0.000000000000000000e+00 0.000000000000000000e+00 0.000000000000000000e+00 1.164015990252550167e-04 1.092245379215377540e-04 6.367645124117953177e-05 3.235826848549913003e-05 1.796392079409146761e-05
0.000000000000000000e+00 0.000000000000000000e+00 0.000000000000000000e+00 1.162378794299510676e-04 1.078486077121070652e-04 6.335663403970814107e-05 3.230410485975702761e-05 1.793334998296821386e-05
0.000000000000000000e+00 0.000000000000000000e+00 0.000000000000000000e+00 1.160722464898425167e-04 1.066259878791771324e-04 6.286361746138606867e-05 3.222398278183231430e-05 1.788278962894304517e-05
0.000000000000000000e+00 0.000000000000000000e+00 0.000000000000000000e+00 1.158334070043220640e-04 1.051953589917965201e-04 6.229598959025347724e-05 3.210647270542902004e-05 1.780833072801146110e-05
0.000000000000000000e+00 0.000000000000000000e+00 0.000000000000000000e+00 1.155929326108249926e-04 1.034782784863839516e-04 6.180287068282099613e-05 3.196579154297792815e-05 1.772037457004840589e-05
0.000000000000000000e+00 0.000000000000000000e+00 0.000000000000000000e+00 1.153508611578996811e-04 1.024252786424112237e-04 6.130622918453212315e-05 3.182264235040930807e-05 1.763511749868658171e-05
0.000000000000000000e+00 0.000000000000000000e+00 0.000000000000000000e+00 1.151892514133735703e-04 1.022068310174383790e-04 6.062401752339476420e-05 3.166753373159131296e-05 1.756039349992036976e-05
0.000000000000000000e+00 0.000000000000000000e+00 0.000000000000000000e+00 1.150260650579559228e-04 1.008179517133514177e-04 5.986891731522412974e-05 3.148601508646182062e-05 1.748283647664397914e-05
0.000000000000000000e+00 0.000000000000000000e+00 0.000000000000000000e+00 1.147796896015306845e-04 9.882167041909451519e-05 5.918275846557658279e-05 3.127086939230755918e-05 1.737648409942725995e-05
0.000000000000000000e+00 0.000000000000000000e+00 0.000000000000000000e+00 1.145284552694231386e-04 9.761449059224287317e-05 5.866076586108306571e-05 3.103661160257613214e-05 1.724173202926738253e-05
0.000000000000000000e+00 0.000000000000000000e+00 0.000000000000000000e+00 1.142713879314458819e-04 9.571424188748660182e-05 5.817306609621173563e-05 3.080522648955841844e-05 1.710113541190341513e-05
0.000000000000000000e+00 0.000000000000000000e+00 0.000000000000000000e+00 1.140953657353049948e-04 9.366039391574655995e-05 5.785806501567268973e-05 3.058513691905705129e-05 1.697016318676441995e-05
0.000000000000000000e+00 0.000000000000000000e+00 0.000000000000000000e+00 1.139165088206184226e-04 9.239976872531720112e-05 5.743382577314375668e-05 3.035374385733539347e-05 1.684137966895320489e-05
0.000000000000000000e+00 0.000000000000000000e+00 0.000000000000000000e+00 1.136506643076120774e-04 9.163129152818701162e-05 5.676109048254258157e-05 3.008976531371000774e-05 1.669985057975274670e-05
0.000000000000000000e+00 0.000000000000000000e+00 0.000000000000000000e+00 1.133815419149588206e-04 9.064488906956638908e-05 5.605064999485415129e-05 2.980608864244511840e-05 1.654034470370487447e-05
0.000000000000000000e+00 0.000000000000000000e+00 0.000000000000000000e+00 1.132024673431170639e-04 8.992716041225008749e-05 5.543520010426449142e-05 2.951631184407572218e-05 1.636051317903541863e-05
0.000000000000000000e+00 0.000000000000000000e+00 0.000000000000000000e+00 1.130204292202193156e-04 9.017846780410899738e-05 5.494584553136048631e-05 2.922848272666651328e-05 1.616164005446137992e-05
0.000000000000000000e+00 0.000000000000000000e+00 0.000000000000000000e+00 1.127453718225079421e-04 8.948563848961615995e-05 5.416357576714657564e-05 2.895881428686721603e-05 1.595334627993924356e-05
0.000000000000000000e+00 0.000000000000000000e+00 0.000000000000000000e+00 1.124672294095477608e-04 8.730380997489645394e-05 5.324167640592379229e-05 2.870056370704689839e-05 1.574485737202487118e-05
0.000000000000000000e+00 0.000000000000000000e+00 0.000000000000000000e+00 1.121853904878244458e-04 8.547264544792309302e-05 5.247978280987587106e-05 2.843096608854953888e-05 1.554378678240845354e-05
0.000000000000000000e+00 0.000000000000000000e+00 0.000000000000000000e+00 1.119985838037783582e-04 8.400728684835214301e-05 5.186253255013741070e-05 2.813827847207273330e-05 1.535778113730482198e-05
0.000000000000000000e+00 0.000000000000000000e+00 0.000000000000000000e+00 1.118069142978342942e-04 8.338051083872176480e-05 5.152782934133250310e-05 2.783864401970605391e-05 1.519320806129512998e-05
0.000000000000000000e+00 0.000000000000000000e+00 0.000000000000000000e+00 1.115135842178937626e-04 8.320833794283642791e-05 5.128104432863022960e-05 2.757277114601132804e-05 1.505572123669624845e-05
0.000000000000000000e+00 0.000000000000000000e+00 0.000000000000000000e+00 1.112143737014698980e-04 8.265860895207963242e-05 5.117193943601164324e-05 2.734554445074466081e-05 1.494117171810049653e-05
0.000000000000000000e+00 0.000000000000000000e+00 0.000000000000000000e+00 1.109110715635365458e-04 8.275791689783533358e-05 5.129378426693101834e-05 2.712576876910971371e-05 1.483569284001743487e-05
0.000000000000000000e+00 0.000000000000000000e+00 0.000000000000000000e+00 1.107107982672482445e-04 8.306464785075176691e-05 5.149424652981504771e-05 2.688883791263074334e-05 1.472860778969142462e-05
0.000000000000000000e+00 0.000000000000000000e+00 0.000000000000000000e+00 1.105054355070126141e-04 8.297250118632279448e-05 5.154509054726709428e-05 2.664622895457041628e-05 1.462075240526065140e-05
0.000000000000000000e+00 0.000000000000000000e+00 0.000000000000000000e+00 1.101905416364925476e-04 8.253817736847400847e-05 5.142040571203517412e-05 2.641130425171710756e-05 1.451045472587451346e-05
0.000000000000000000e+00 0.000000000000000000e+00 0.000000000000000000e+00 1.098698685638765574e-04 8.172066248987613262e-05 5.142742902188859947e-05 2.620054732636310869e-05 1.440174180554599874e-05
0.000000000000000000e+00 0.000000000000000000e+00 0.000000000000000000e+00 1.096533808416656872e-04 8.083533160377356854e-05 5.167276887717072863e-05 2.603814922375515543e-05 1.430534671555799165e-05
0.000000000000000000e+00 0.000000000000000000e+00 0.000000000000000000e+00 1.094306824370356072e-04 8.052046706527200555e-05 5.193807989894897137e-05 2.589824375843608918e-05 1.421829235152721171e-05
0.000000000000000000e+00 0.000000000000000000e+00 0.000000000000000000e+00 1.090956397511651818e-04 8.049047423438762336e-05 5.201275488294414772e-05 2.578722772056248828e-05 1.415405453247962686e-05
0.000000000000000000e+00 0.000000000000000000e+00 0.000000000000000000e+00 1.087558697662953611e-04 8.037673731260633217e-05 5.210295985263784581e-05 2.570513007825432229e-05 1.411615678124489446e-05
0.000000000000000000e+00 0.000000000000000000e+00 0.000000000000000000e+00 1.084108746296624104e-04 7.994173622958907909e-05 5.240116646308711125e-05 2.560158516406572615e-05 1.407935493804645134e-05
0.000000000000000000e+00 0.000000000000000000e+00 0.000000000000000000e+00 1.081729834721209684e-04 7.973482127530735644e-05 5.277546830424573952e-05 2.545449966124245928e-05 1.401414089782828961e-05
0.000000000000000000e+00 0.000000000000000000e+00 0.000000000000000000e+00 1.079288209972153350e-04 7.967595034009821331e-05 5.315247249164415332e-05 2.526923652991183868e-05 1.390827245206419484e-05
0.000000000000000000e+00 0.000000000000000000e+00 0.000000000000000000e+00 1.075694568657734295e-04 7.956403251836595598e-05 5.345713301775422099e-05 2.506515486124584433e-05 1.378182232026882495e-05
0.000000000000000000e+00 0.000000000000000000e+00 0.000000000000000000e+00 1.072051058527763472e-04 7.951136811023648446e-05 5.349253819650689410e-05 2.485730504263610510e-05 1.365520630224290314e-05
0.000000000000000000e+00 0.000000000000000000e+00 0.000000000000000000e+00 1.068352655891423834e-04 7.865073730289503498e-05 5.360427270010239176e-05 2.463561713640412067e-05 1.352678379606350789e-05
0.000000000000000000e+00 0.000000000000000000e+00 0.000000000000000000e+00 1.065742203007203335e-04 7.768829115591336298e-05 5.388941615744571498e-05 2.440498054627264515e-05 1.339431260657715048e-05
0.000000000000000000e+00 0.000000000000000000e+00 0.000000000000000000e+00 1.063046376234071485e-04 7.708268757057799262e-05 5.400126176567151003e-05 2.420479163474448250e-05 1.327113102859641558e-05
0.000000000000000000e+00 0.000000000000000000e+00 0.000000000000000000e+00 1.059153449440409194e-04 7.603030914389618047e-05 5.402614926166691734e-05 2.403795927734970735e-05 1.316039887878523912e-05
0.000000000000000000e+00 0.000000000000000000e+00 0.000000000000000000e+00 1.055204421266315901e-04 7.490980667766467286e-05 5.408426680525734348e-05 2.389515937397177067e-05 1.306229910483420420e-05
0.000000000000000000e+00 0.000000000000000000e+00 0.000000000000000000e+00 1.052367386042398964e-04 7.467220659155075736e-05 5.441475208401192767e-05 2.377248430631428592e-05 1.297643359408239732e-05
0.000000000000000000e+00 0.000000000000000000e+00 0.000000000000000000e+00 1.049460819569833628e-04 7.465325424265456295e-05 5.473681248921672001e-05 2.365945709251642329e-05 1.289489874947697654e-05
0.000000000000000000e+00 0.000000000000000000e+00 0.000000000000000000e+00 1.045355952043870669e-04 7.450893780810273904e-05 5.486895409256621365e-05 2.355543185115284397e-05 1.281307249527015189e-05
0.000000000000000000e+00 0.000000000000000000e+00 0.000000000000000000e+00 1.041195041401676787e-04 7.469150464245464854e-05 5.500616329534243238e-05 2.346400929237116431e-05 1.272934795299519058e-05
0.000000000000000000e+00 0.000000000000000000e+00 0.000000000000000000e+00 1.036976545350562750e-04 7.474531607460587715e-05 5.510796156595384055e-05 2.338047630218035769e-05 1.264147567344859221e-05
0.000000000000000000e+00 0.000000000000000000e+00 0.000000000000000000e+00 1.033894460391112947e-04 7.483436433237253466e-05 5.532888620866279877e-05 2.331208699176424892e-05 1.255548285024097214e-05
0.000000000000000000e+00 0.000000000000000000e+00 0.000000000000000000e+00 1.030785938930104176e-04 7.540548795135576738e-05 5.530386225845304246e-05 2.328367228896231731e-05 1.248669752125169926e-05
0.000000000000000000e+00 0.000000000000000000e+00 0.000000000000000000e+00 1.026557416543684247e-04 7.552561561120042311e-05 5.525550762983030004e-05 2.329751923507309357e-05 1.243650782589402990e-05
0.000000000000000000e+00 0.000000000000000000e+00 0.000000000000000000e+00 1.022392707009718056e-04 7.563669499817697508e-05 5.532418750555275882e-05 2.334299030252060141e-05 1.239159376191505117e-05
0.000000000000000000e+00 0.000000000000000000e+00 0.000000000000000000e+00 1.019391243156619864e-04 7.603698916413359303e-05 5.529359253437367928e-05 2.338420613449469868e-05 1.232768574959297856e-05
0.000000000000000000e+00 0.000000000000000000e+00 0.000000000000000000e+00 1.016316887864503508e-04 7.581545607615059205e-05 5.542826340616551666e-05 2.337321694603079934e-05 1.222153145136652350e-05
0.000000000000000000e+00 0.000000000000000000e+00 0.000000000000000000e+00 1.012053466245333610e-04 7.572257920048320668e-05 5.561483615756009508e-05 2.330051924853654993e-05 1.207754923639390025e-05
0.000000000000000000e+00 0.000000000000000000e+00 0.000000000000000000e+00 1.007748224818781174e-04 7.558422439488165015e-05 5.585233045529659681e-05 2.319416349794719442e-05 1.192305915141315385e-05
0.000000000000000000e+00 0.000000000000000000e+00 0.000000000000000000e+00 1.003391323222434022e-04 7.512856412386390383e-05 5.605692732986675164e-05 2.309113085220449872e-05 1.178414792046477772e-05
0.000000000000000000e+00 0.000000000000000000e+00 0.000000000000000000e+00 1.000115676324043118e-04 7.493264261236015481e-05 5.609278300363572243e-05 2.301271185102348973e-05 1.167703022486059703e-05
0.000000000000000000e+00 0.000000000000000000e+00 0.000000000000000000e+00 9.967421354500181235e-05 7.473805406426257643e-05 5.622507231648181408e-05 2.297085079440866774e-05 1.160773718128849004e-05
0.000000000000000000e+00 0.000000000000000000e+00 0.000000000000000000e+00 9.921753269160630206e-05 7.446371710718860740e-05 5.651568540618430653e-05 2.295449354922639792e-05 1.156460644313818746e-05
0.000000000000000000e+00 0.000000000000000000e+00 0.000000000000000000e+00 9.875551713014619885e-05 7.443974633154286878e-05 5.688889437226176494e-05 2.293885728685265485e-05 1.152926098810213124e-05
0.000000000000000000e+00 0.000000000000000000e+00 0.000000000000000000e+00 9.828789586209227584e-05 7.493122004349185518e-05 5.724907709160362919e-05 2.291724969760547853e-05 1.149427389385522657e-05
0.000000000000000000e+00 0.000000000000000000e+00 0.000000000000000000e+00 9.792724982268563626e-05 7.523838279650661058e-05 5.747923378613605606e-05 2.289757944861586743e-05 1.146148309716228586e-05
0.000000000000000000e+00 0.000000000000000000e+00 0.000000000000000000e+00 9.755671842453984171e-05 7.526256771425509457e-05 5.782844484347085914e-05 2.289611499890732097e-05 1.143733405628741399e-05
0.000000000000000000e+00 0.000000000000000000e+00 0.000000000000000000e+00 9.706894554244884887e-05 7.522304074348880462e-05 5.827122621069297074e-05 2.292438854925515102e-05 1.142558503489999713e-05
0.000000000000000000e+00 0.000000000000000000e+00 0.000000000000000000e+00 9.657689883227811589e-05 7.528657870909461261e-05 5.873934104988568085e-05 2.296933784154308448e-05 1.141940409268255218e-05
0.000000000000000000e+00 0.000000000000000000e+00 0.000000000000000000e+00 9.619085574492489859e-05 7.597917810646649076e-05 5.920352637025223081e-05 2.301770145604243472e-05 1.141382745327578487e-05
0.000000000000000000e+00 0.000000000000000000e+00 0.000000000000000000e+00 9.579766121961420919e-05 7.658011749374612543e-05 5.958794577513437386e-05 2.307301134144787582e-05 1.141061609408791927e-05
0.000000000000000000e+00 0.000000000000000000e+00 0.000000000000000000e+00 9.529145710084031221e-05 7.704805957946900144e-05 6.006362409143071942e-05 2.314538950537405640e-05 1.141331695273356710e-05
0.000000000000000000e+00 0.000000000000000000e+00 0.000000000000000000e+00 9.478096901462366595e-05 7.772200984291348402e-05 6.055947382955636170e-05 2.325145561509186294e-05 1.142864611840119964e-05
0.000000000000000000e+00 0.000000000000000000e+00 0.000000000000000000e+00 9.426818470438889507e-05 7.837953873462372785e-05 6.101455246830672099e-05 2.340916104014053841e-05 1.146138719427988255e-05
0.000000000000000000e+00 0.000000000000000000e+00 0.000000000000000000e+00 9.385452413973963961e-05 7.897106888133078781e-05 6.145361770462971101e-05 2.360370030077364991e-05 1.150470999284783591e-05
0.000000000000000000e+00 0.000000000000000000e+00 0.000000000000000000e+00 9.343534502511058933e-05 7.967746162872537449e-05 6.186166827380824873e-05 2.379202021421504226e-05 1.154320703266993780e-05
0.000000000000000000e+00 0.000000000000000000e+00 0.000000000000000000e+00 9.291557668097856482e-05 8.023220325215184442e-05 6.233762407205446017e-05 2.394032794049312168e-05 1.156416139923281507e-05
0.000000000000000000e+00 0.000000000000000000e+00 0.000000000000000000e+00 9.239349996211860183e-05 8.022960265183820311e-05 6.264803798307880028e-05 2.403822335858152783e-05 1.156379592814610703e-05
0.000000000000000000e+00 0.000000000000000000e+00 0.000000000000000000e+00 9.186694668349531232e-05 8.008770339586525637e-05 6.291010739285028794e-05 2.410801365270461474e-05 1.154936432683588207e-05
0.000000000000000000e+00 0.000000000000000000e+00 0.000000000000000000e+00 9.143675062369701180e-05 7.990993781337148519e-05 6.315831453844638948e-05 2.415837354724595262e-05 1.152624946124251869e-05
0.000000000000000000e+00 0.000000000000000000e+00 0.000000000000000000e+00 9.099936317746114126e-05 7.963126292449417172e-05 6.321090884246294370e-05 2.420199885439322740e-05 1.150558708599778116e-05
0.000000000000000000e+00 0.000000000000000000e+00 0.000000000000000000e+00 9.045899164433372558e-05 7.945026297520654541e-05 6.340633808442813811e-05 2.426825575825898121e-05 1.150360362699605875e-05
0.000000000000000000e+00 0.000000000000000000e+00 0.000000000000000000e+00 8.991439094658624088e-05 7.941492507912825867e-05 6.371911415162450438e-05 2.436865365536083038e-05 1.152687812431455963e-05
0.000000000000000000e+00 0.000000000000000000e+00 0.000000000000000000e+00 8.946238419167186224e-05 7.937658878892854921e-05 6.412867316363555842e-05 2.450572347666250670e-05 1.157109520784360938e-05
0.000000000000000000e+00 0.000000000000000000e+00 0.000000000000000000e+00 8.900516224456858888e-05 7.939759453778078165e-05 6.456840000027253793e-05 2.466403108359098577e-05 1.161851520399626067e-05
0.000000000000000000e+00 0.000000000000000000e+00 0.000000000000000000e+00 8.845288427286127357e-05 7.936076271803374970e-05 6.479832138608573877e-05 2.482597149080727461e-05 1.165467527254152983e-05
0.000000000000000000e+00 0.000000000000000000e+00 0.000000000000000000e+00 8.789373208171209881e-05 7.911755552914046549e-05 6.494096887755731052e-05 2.497405280219554347e-05 1.167600723435951920e-05
0.000000000000000000e+00 0.000000000000000000e+00 0.000000000000000000e+00 8.733089588494671862e-05 7.889753085742834220e-05 6.499928020629163340e-05 2.509108992186309816e-05 1.168245511528951107e-05
0.000000000000000000e+00 0.000000000000000000e+00 0.000000000000000000e+00 8.685567096655061119e-05 7.862421164694932685e-05 6.510442040017988346e-05 2.518305223674496493e-05 1.167894981499553198e-05
0.000000000000000000e+00 0.000000000000000000e+00 0.000000000000000000e+00 8.637172200747177109e-05 7.814612779249816173e-05 6.525360435622494309e-05 2.528125104286369298e-05 1.167712909402339955e-05
0.000000000000000000e+00 0.000000000000000000e+00 0.000000000000000000e+00 8.581754454695063100e-05 7.778732948673937103e-05 6.522410625889455739e-05 2.541411018560957945e-05 1.168371585761648908e-05
0.000000000000000000e+00 0.000000000000000000e+00 0.000000000000000000e+00 8.525970668231290571e-05 7.759013938941151977e-05 6.522300690877609109e-05 2.560183192617856494e-05 1.170296750031617778e-05
0.000000000000000000e+00 0.000000000000000000e+00 0.000000000000000000e+00 8.476034257575676520e-05 7.726072023704319872e-05 6.521707989660370595e-05 2.585022694244232819e-05 1.173929667048969556e-05
0.000000000000000000e+00 0.000000000000000000e+00 0.000000000000000000e+00 8.425263815058014138e-05 7.677818736959172768e-05 6.527767936556532814e-05 2.613946711920668624e-05 1.179061097284210133e-05
0.000000000000000000e+00 0.000000000000000000e+00 0.000000000000000000e+00 8.366180431686225582e-05 7.639163284716629372e-05 6.542631576417624710e-05 2.645724506611900340e-05 1.185738122628969760e-05
0.000000000000000000e+00 0.000000000000000000e+00 0.000000000000000000e+00 8.306780148850231231e-05 7.617128784861534516e-05 6.567179682471169721e-05 2.678324437448659660e-05 1.193507375416064463e-05
0.000000000000000000e+00 0.000000000000000000e+00 0.000000000000000000e+00 8.247088005037240773e-05 7.599256204411905025e-05 6.600921112808300452e-05 2.709670878954391937e-05 1.201608750682140112e-05
0.000000000000000000e+00 0.000000000000000000e+00 0.000000000000000000e+00 8.194377716485129720e-05 7.603429025616305554e-05 6.624324511863252695e-05 2.738544506829608037e-05 1.209603230446212357e-05
0.000000000000000000e+00 0.000000000000000000e+00 0.000000000000000000e+00 8.140863853953265441e-05 7.609642386366439343e-05 6.650963541762029089e-05 2.762863635056965421e-05 1.216960416136738326e-05
0.000000000000000000e+00 0.000000000000000000e+00 0.000000000000000000e+00 8.079904320120329933e-05 7.597300959920238648e-05 6.670972190798892800e-05 2.782519956883796897e-05 1.223671797057757721e-05
0.000000000000000000e+00 0.000000000000000000e+00 0.000000000000000000e+00 8.018736648399606029e-05 7.595263278677659826e-05 6.676638860259929520e-05 2.800679418119591369e-05 1.230409093853262662e-05
0.000000000000000000e+00 0.000000000000000000e+00 0.000000000000000000e+00 7.957823627985928766e-05 7.589635203201071270e-05 6.684124272914656207e-05 2.820787337397266363e-05 1.237800364438423531e-05
0.000000000000000000e+00 0.000000000000000000e+00 0.000000000000000000e+00 7.903726247650115500e-05 7.570284696344557307e-05 6.683642358463693842e-05 2.844266009122791347e-05 1.245964449935230965e-05
0.000000000000000000e+00 0.000000000000000000e+00 0.000000000000000000e+00 7.849624773446198830e-05 7.558187775614694823e-05 6.677112569938072886e-05 2.871281369707033064e-05 1.255127236586410408e-05
0.000000000000000000e+00 0.000000000000000000e+00 0.000000000000000000e+00 7.789459398153584201e-05 7.538932614269997043e-05 6.667071557003125860e-05 2.900051429713204236e-05 1.264962285601734288e-05
0.000000000000000000e+00 0.000000000000000000e+00 0.000000000000000000e+00 7.728635184827882954e-05 7.504356489931351731e-05 6.647875700628570977e-05 2.929114632352725368e-05 1.275039777367445867e-05
0.000000000000000000e+00 0.000000000000000000e+00 0.000000000000000000e+00 7.671910211244401087e-05 7.473168322696186318e-05 6.643495118591397682e-05 2.957895757950073328e-05 1.285414503663598515e-05
0.000000000000000000e+00 0.000000000000000000e+00 0.000000000000000000e+00 7.614160320150590363e-05 7.448048505499147126e-05 6.640399874049705072e-05 2.985337690565346039e-05 1.295724153293649201e-05
0.000000000000000000e+00 0.000000000000000000e+00 0.000000000000000000e+00 7.551266142726172081e-05 7.418983356192262893e-05 6.620474333019376234e-05 3.011184097428904071e-05 1.305759672052375615e-05
0.000000000000000000e+00 0.000000000000000000e+00 0.000000000000000000e+00 7.487870710629400634e-05 7.384096140269921587e-05 6.601717519061528516e-05 3.035671849178201944e-05 1.315832335170548821e-05
0.000000000000000000e+00 0.000000000000000000e+00 0.000000000000000000e+00 7.424134267100743743e-05 7.332717520172333907e-05 6.576708896491030402e-05 3.058238305838974252e-05 1.325969932174386586e-05
0.000000000000000000e+00 0.000000000000000000e+00 0.000000000000000000e+00 7.363332507415648121e-05 7.265701190500621577e-05 6.547073143225355879e-05 3.077280829163454802e-05 1.335734468118476899e-05
0.000000000000000000e+00 0.000000000000000000e+00 0.000000000000000000e+00 7.301528912583481006e-05 7.205205073368207405e-05 6.517690498856176502e-05 3.091468540187231149e-05 1.344677744372749983e-05
0.000000000000000000e+00 0.000000000000000000e+00 0.000000000000000000e+00 7.236099292947818632e-05 7.146362878959109071e-05 6.483893729638005518e-05 3.099361501728041594e-05 1.352094008985773315e-05
0.000000000000000000e+00 0.000000000000000000e+00 0.000000000000000000e+00 7.170239112785762627e-05 7.082828149834031030e-05 6.459112182103262355e-05 3.099133177822831258e-05 1.357119482428517783e-05
0.000000000000000000e+00 0.000000000000000000e+00 0.000000000000000000e+00 7.103533607097653544e-05 7.022556210390785254e-05 6.432223531349796073e-05 3.090102539215999441e-05 1.359358548729762466e-05
0.000000000000000000e+00 0.000000000000000000e+00 0.000000000000000000e+00 7.037547540912521000e-05 6.953855423818725663e-05 6.399573949006950695e-05 3.072522443046728105e-05 1.358692979587562292e-05
0.000000000000000000e+00 0.000000000000000000e+00 0.000000000000000000e+00 6.969761224394145128e-05 6.870006080664132770e-05 6.365519077253526043e-05 3.048813065412627141e-05 1.355845248043255036e-05
